45442
45499
45503
45517
45611
45658
45666
45672
45722
45726
45728
45730
45732
45880
46062
46194
46231
46258
46337
46530
46572
46578
46581
46723
46772
46839
46855
46865
46948
46965
46967
46970
46976
47044
47049
47117
47122
47148
47200
47274
47384
47394
47423
47446
47465
47516
47518
47615
47640
47642
47646
47723
47725
47778
47815
47937
47940
47950
47956
47976
47978
47997
48061
48159
48161
48214
48231
48304
48322
48326
48342
48385
48394
48522
48560
48598
48600
48678
48682
48696
48698
48744
48774
48783
48791
48883
48899
48909
48982
48997
49110
49220
49274
49280
49282
49284
49312
49314
49347
49396
49422
49528
49530
49571
49642
49649
49651
49824
49932
49961
50003
50066
50068
50149
50151
50158
50160
50162
50259
50274
50347
50440
50442
50514
50594
50601
50685
50792
50794
50796
50798
50802
50804
50806
50851
50858
50949
51007
51037
51077
51082
51084
51088
51091
51174
51209
51255
51304
51314
51418
51498
51540
51575
51662
51834
51903
51925
51931
51933
51935
51939
52005
52037
52042
52245
52285
52287
52321
52352
52356
52413
52448
52458
52460
52545
52561
52579
52604
52606
52644
52666
52668
52694
52715
52724
52865
52885
52929
52950
52952
52967
53000
53002
53038
53121
53123
53125
53129
53131
53143
53161
53189
53207
53318
53322
53326
53355
53435
53447
53460
53464
53466
53468
53519
53550
53887
53953
53956
53972
53974
53988
53993
53996
53999
54001
54094
54116
54190
54256
54259
54268
54270
54276
54290
54331
54372
54503
54513
54621
54732
54745
54775
54783
54787
54796
54958
54995
54999
55052
55069
55100
55110
55154
55176
55190
55205
55232
55241
55253
55255
55257
55267
55276
55280
55284
55286
55324
55391
55417
55419
55442
55498
55507
55517
55577
55603
55668
55721
55732
55768
55805
55820
55830
55851
55872
55901
55926
55999
56003
56060
56067
56152
56156
56165
56167
56169
56174
56176
56251
56286
56367
56389
56508
56744
56757
56782
56788
56908
56949
57147
57223
57326
57357
57370
57401
57464
57478
57499
57509
57522
57526
57528
57530
57532
57536
57538
57550
57792
57910
57949
58025
58029
58047
58059
58084
58103
58156
58291
58309
58332
58347
58418
58439
58490
58492
58520
58595
58627
58655
58706
58806
58876
59016
59022
59026
59037
59044
59065
59141
59143
59154
59256
59258
59290
59315
59333
59336
59369
59392
59404
59421
59440
59594
59715
59729
59731
59738
59784
59795
59810
59832
59834
59858
59900
59912
59915
59985
59995
60044
60072
60074
60126
60133
60141
60147
60161
60295
60309
60341
60363
60393
60397
60405
60418
60471
60484
60487
60494
60516
60526
60530
60566
60590
60618
60647
60649
60674
60735
60756
60758
60832
60943
60946
60950
61024
61048
61075
61123
61132
61160
61167
61236
61240
61248
61257
61262
61289
61312
61323
61348
61352
61414
61434
61467
61628
61634
61638
61692
61697
61768
61816
61934
61937
61941
61948
61986
61991
62008
62063
62081
62113
62137
62153
62155
62235
62250
62331
62344
62374
62376
62378
62390
62394
62434
62437
62577
62718
62721
62733
62764
62792
62796
62801
62803
62849
62912
62956
62970
62972
62999
63062
63119
63131
63141
63179
63181
63189
63194
63237
63312
63329
63393
63540
63617
63698
63793
63806
63810
63826
63853
63859
63862
63876
64032
64116
64197
64229
64288
64327
64365
64368
64508
64550
64575
64614
64620
64652
64701
64716
64750
64897
64921
64969
64983
64993
64999
65001
65088
65091
65126
65130
65133
