1
3
4
6
7
12
14
17
18
20
21
22
24
25
27
28
30
31
34
35
36
38
39
41
42
43
45
47
48
49
52
53
57
61
62
64
66
67
70
71
74
75
81
86
87
88
89
94
95
97
103
104
107
110
111
112
113
114
115
118
119
120
123
125
132
135
139
145
150
151
155
159
161
164
165
168
170
171
172
174
175
176
177
179
181
182
183
186
187
189
190
193
194
195
196
198
201
202
203
204
208
209
210
212
213
214
215
216
220
223
224
225
227
228
229
230
231
233
234
235
236
237
238
240
241
243
244
247
249
252
253
254
256
257
261
263
265
266
267
268
270
271
273
274
275
276
277
278
279
280
281
283
288
289
290
292
296
298
299
301
306
307
308
309
310
316
319
320
322
325
326
327
328
329
332
333
337
338
341
342
344
347
348
349
351
352
356
357
358
359
365
366
368
372
373
374
375
377
378
379
380
381
382
383
384
386
391
393
394
396
401
402
407
408
410
413
415
417
418
421
422
423
424
426
427
429
431
432
433
434
435
436
437
440
441
444
445
446
448
450
453
455
456
458
461
463
464
465
467
470
472
473
474
477
478
479
480
481
482
483
484
486
489
490
492
493
495
498
500
501
505
506
508
510
513
516
517
519
520
521
522
529
530
532
534
535
537
538
539
540
541
542
543
544
546
547
548
550
555
559
561
562
564
565
567
569
574
587
588
589
590
592
595
603
605
606
608
609
610
613
618
621
628
630
631
632
634
637
638
639
641
648
649
656
657
660
661
662
664
666
667
668
673
674
676
680
684
685
688
691
692
695
696
697
703
705
706
707
709
710
711
714
719
726
728
730
731
732
734
735
736
741
742
743
750
754
755
757
760
762
764
765
766
773
778
780
781
785
786
798
800
801
802
804
806
808
813
815
816
822
829
831
833
834
835
836
837
840
841
842
846
850
866
867
869
872
875
877
881
884
885
886
895
899
902
903
904
905
906
908
911
912
914
918
920
921
923
929
930
931
934
936
937
938
942
944
945
947
948
949
951
952
954
955
956
960
961
962
968
973
974
975
979
982
983
987
988
990
991
993
996
997
998
999
1000
1003
1009
1012
1015
1017
1020
1021
1022
1023
1026
1027
1028
1029
1030
1031
1032
1034
1041
1042
1043
1044
1045
1046
1051
1053
1054
1056
1060
1063
1064
1066
1068
1069
1070
1071
1073
1077
1078
1081
1086
1087
1088
1089
1090
1091
1092
1095
1096
1097
1100
1101
1102
1103
1105
1107
1115
1121
1124
1129
1136
1141
1152
1153
1154
1163
1164
1167
1168
1169
1171
1175
1177
1178
1180
1184
1186
1187
1188
1190
1193
1204
1207
1208
1209
1211
1214
1215
1217
1219
1222
1224
1225
1228
1230
1236
1238
1241
1244
1245
1246
1248
1256
1261
1264
1265
1266
1268
1269
1270
1271
1272
1273
1276
1277
1278
1280
1283
1285
1286
1288
1289
1290
1291
1292
1293
1297
1300
1301
1302
1304
1306
1307
1309
1313
1317
1318
1320
1323
1324
1325
1326
1329
1330
1331
1335
1336
1339
1340
1341
1342
1343
1345
1346
1348
1349
1351
1352
1354
1355
1356
1357
1358
1360
1367
1371
1374
1375
1376
1378
1379
1380
1381
1382
1383
1385
1386
1387
1389
1390
1392
1394
1397
1398
1399
1404
1405
1407
1409
1415
1416
1419
1422
1424
1425
1426
1427
1430
1438
1439
1440
1442
1446
1447
1449
1450
1454
1455
1457
1458
1459
1461
1463
1464
1466
1468
1472
1473
1476
1477
1485
1487
1493
1495
1496
1497
1499
1500
1501
1502
1503
1504
1509
1513
1516
1517
1518
1520
1522
1525
1526
1528
1539
1541
1542
1546
1547
1550
1551
1552
1561
1563
1565
1566
1569
1570
1572
1573
1574
1577
1580
1581
1582
1584
1586
1587
1588
1589
1590
1591
1592
1593
1597
1599
1600
1601
1602
1603
1604
1609
1612
1613
1614
1617
1619
1620
1621
1623
1626
1627
1633
1642
1643
1644
1646
1647
1653
1655
1656
1659
1660
1661
1662
1663
1665
1666
1667
1671
1675
1676
1679
1680
1685
1686
1688
1690
1693
1695
1701
1702
1703
1706
1707
1715
1717
1721
1723
1729
1731
1733
1734
1742
1744
1747
1748
1753
1755
1757
1759
1762
1767
1768
1770
1772
1773
1776
1779
1782
1785
1791
1792
1793
1794
1806
1809
1810
1812
1816
1817
1822
1824
1826
1829
1831
1832
1833
1835
1839
1840
1843
1844
1845
1849
1852
1854
1855
1856
1859
1861
1862
1863
1864
1869
1870
1876
1878
1880
1881
1882
1883
1884
1886
1887
1888
1889
1890
1893
1894
1895
1896
1897
1899
1904
1906
1910
1912
1913
1914
1916
1919
1920
1923
1925
1927
1928
1930
1934
1935
1936
1937
1940
1944
1945
1954
1955
1956
1957
1958
1959
1961
1962
1963
1964
1965
1966
1967
1973
1974
1975
1976
1979
1980
1981
1982
1984
1985
1986
1987
1989
1990
1992
1994
1995
1996
1998
2000
2001
2003
2004
2007
2010
2011
2014
2017
2018
2020
2025
2026
2027
2029
2035
2037
2041
2042
2043
2046
2050
2051
2052
2053
2055
2056
2063
2064
2066
2067
2068
2076
2080
2084
2085
2088
2091
2093
2096
2097
2098
2100
2101
2102
2103
2105
2106
2107
2110
2113
2117
2120
2121
2122
2126
2130
2131
2132
2134
2135
2137
2138
2143
2145
2146
2148
2152
2154
2160
2164
2166
2167
2168
2170
2171
2174
2175
2177
2178
2179
2180
2185
2186
2187
2188
2193
2195
2196
2197
2199
2200
2202
2203
2204
2205
2206
2209
2211
2214
2215
2221
2222
2224
2225
2232
2238
2239
2240
2241
2242
2243
2245
2246
2247
2249
2252
2254
2259
2260
2261
2264
2267
2269
2271
2275
2278
2279
2282
2284
2291
2292
2293
2297
2301
2302
2303
2305
2306
2307
2308
2312
2314
2315
2319
2320
2321
2322
2324
2326
2327
2328
2329
2331
2332
2333
2336
2338
2339
2340
2342
2344
2345
2348
2349
2350
2353
2356
2357
2358
2359
2361
2362
2365
2366
2368
2371
2372
2373
2374
2377
2378
2379
2380
2381
2383
2384
2387
2388
2390
2393
2395
2396
2397
2399
2400
2401
2402
2406
2407
2408
2409
2411
2413
2414
2416
2417
2418
2419
2424
2429
2431
2432
2435
2436
2437
2438
2439
2440
2443
2445
2448
2450
2458
2461
2462
2463
2464
2465
2468
2469
2470
2471
2473
2475
2476
2477
2479
2481
2482
2485
2488
2490
2497
2498
2500
2501
2504
2507
2509
2510
2514
2517
2518
2519
2521
2522
2523
2525
2526
2527
2528
2529
2530
2531
2532
2535
2537
2539
2541
2543
2545
2549
2554
2556
2557
2558
2562
2563
2572
2573
2577
2580
2581
2582
2584
2586
2587
2594
2596
2597
2598
2599
2605
2606
2607
2608
2610
2612
2615
2616
2620
2621
2624
2625
2626
2630
2631
2640
2641
2643
2646
2647
2651
2653
2656
2661
2663
2664
2665
2668
2669
2673
2676
2677
2679
2682
2687
2689
2692
2694
2697
2699
2701
2702
2703
2706
2709
2716
2718
2721
2722
2723
2725
2727
2728
2730
2732
2733
2737
2741
2744
2746
2748
2750
2751
2752
2754
2755
2756
2757
2758
2768
2770
2771
2773
2774
2777
2778
2779
2785
2786
2789
2791
2792
2795
2796
2797
2798
2800
2801
2802
2806
2807
2808
2812
2815
2816
2817
2821
2822
2828
2835
2836
2838
2839
2840
2841
2842
2843
2847
2849
2851
2854
2856
2857
2858
2860
2861
2862
2864
2867
2870
2871
2872
2876
2878
2881
2883
2884
2885
2888
2889
2890
2891
2893
2895
2896
2897
2899
2900
2901
2902
2904
2905
2907
2908
2914
2915
2916
2918
2920
2921
2922
2923
2924
2926
2931
2932
2936
2939
2940
2942
2943
2945
2946
2947
2948
2949
2953
2956
2957
2962
2963
2964
2968
2970
2972
2973
2974
2976
2977
2978
2985
2986
2987
2988
2989
2990
2992
2993
2997
3000
3003
3008
3011
3012
3013
3015
3018
3019
3020
3023
3024
3026
3031
3033
3037
3039
3043
3044
3045
3052
3054
3055
3059
3061
3063
3072
3075
3076
3079
3080
3081
3083
3090
3091
3093
3094
3099
3101
3102
3104
3105
3106
3107
3110
3111
3112
3113
3114
3115
3116
3118
3122
3129
3131
3134
3138
3145
3154
3155
3160
3161
3163
3167
3168
3173
3174
3175
3177
3179
3182
3185
3186
3187
3190
3193
3201
3202
3203
3205
3206
3208
3210
3212
3213
3214
3216
3218
3219
3229
3232
3233
3235
3238
3243
3251
3254
3256
3258
3259
3260
3261
3262
3263
3266
3268
3269
3271
3274
3279
3283
3284
3286
3288
3291
3293
3294
3296
3298
3300
3304
3305
3307
3316
3317
3318
3320
3322
3323
3324
3326
3327
3328
3330
3331
3334
3336
3339
3340
3341
3343
3344
3345
3347
3351
3352
3357
3358
3359
3360
3361
3362
3363
3370
3373
3374
3375
3377
3379
3380
3381
3383
3385
3386
3387
3388
3389
3391
3392
3399
3400
3402
3403
3406
3409
3413
3414
3418
3420
3422
3423
3424
3427
3430
3431
3433
3436
3438
3439
3441
3442
3444
3445
3446
3450
3452
3454
3455
3457
3461
3462
3464
3465
3466
3467
3469
3477
3479
3480
3481
3485
3486
3487
3491
3493
3494
3497
3498
3499
3505
3506
3509
3510
3511
3513
3514
3515
3516
3519
3520
3521
3524
3525
3526
3527
3530
3535
3536
3538
3540
3543
3545
3546
3547
3548
3549
3559
3562
3565
3572
3573
3574
3575
3577
3578
3581
3584
3587
3591
3592
3593
3595
3599
3600
3602
3604
3606
3608
3613
3614
3617
3618
3626
3627
3628
3631
3632
3633
3638
3644
3645
3647
3649
3650
3652
3656
3657
3658
3660
3661
3662
3664
3671
3673
3675
3676
3681
3682
3683
3685
3686
3687
3688
3689
3691
3696
3699
3701
3702
3704
3705
3706
3708
3710
3711
3712
3714
3716
3717
3720
3721
3724
3726
3727
3728
3729
3731
3735
3736
3737
3739
3740
3741
3745
3751
3757
3761
3763
3766
3767
3768
3769
3770
3773
3781
3782
3783
3785
3786
3787
3791
3793
3800
3801
3802
3804
3806
3807
3808
3810
3811
3813
3814
3818
3820
3821
3824
3825
3826
3827
3829
3831
3832
3834
3837
3838
3840
3843
3846
3848
3854
3857
3858
3866
3871
3872
3873
3877
3882
3883
3889
3892
3897
3898
3899
3900
3901
3902
3906
3909
3910
3911
3912
3916
3917
3919
3920
3922
3923
3924
3927
3928
3934
3936
3937
3941
3945
3946
3948
3949
3950
3951
3958
3960
3966
3967
3968
3973
3979
3980
3981
3982
3983
3984
3987
3988
3990
3993
3994
3996
3997
3998
4001
4003
4004
4008
4009
4011
4012
4014
4015
4017
4019
4022
4025
4027
4028
4029
4030
4031
4033
4034
4036
4037
4038
4039
4040
4043
4044
4045
4046
4049
4052
4054
4063
4064
4065
4066
4068
4070
4072
4077
4078
4079
4080
4081
4083
4084
4085
4087
4089
4092
4094
4095
4097
4100
4101
4103
4104
4106
4108
4115
4116
4118
4119
4121
4124
4126
4127
4129
4130
4131
4132
4133
4134
4137
4139
4140
4141
4142
4144
4149
4150
4153
4155
4158
4162
4167
4169
4172
4173
4174
4181
4182
4190
4191
4192
4194
4198
4202
4203
4204
4205
4210
4211
4212
4213
4214
4215
4216
4218
4221
4222
4223
4224
4228
4231
4232
4233
4235
4238
4243
4245
4246
4247
4251
4253
4254
4261
4262
4265
4267
4271
4273
4276
4278
4281
4284
4287
4288
4292
4296
4297
4298
4305
4306
4310
4314
4316
4317
4318
4319
4321
4326
4329
4331
4333
4338
4339
4341
4342
4347
4349
4350
4351
4353
4354
4355
4357
4358
4361
4363
4366
4367
4368
4370
4371
4372
4373
4374
4378
4384
4386
4388
4389
4392
4393
4394
4395
4397
4399
4401
4402
4409
4413
4418
4419
4422
4426
4430
4432
4433
4437
4440
4441
4443
4446
4447
4449
4451
4454
4456
4462
4463
4466
4468
4469
4471
4472
4473
4474
4476
4477
4478
4482
4483
4485
4486
4487
4488
4489
4491
4493
4494
4495
4496
4497
4500
4501
4502
4503
4505
4506
4507
4510
4512
4516
4517
4521
4524
4526
4528
4531
4532
4534
4537
4539
4540
4542
4543
4544
4547
4548
4553
4555
4556
4557
4560
4561
4562
4563
4564
4565
4566
4567
4568
4569
4571
4572
4574
4575
4577
4578
4580
4581
4582
4583
4584
4587
4588
4589
4593
4595
4597
4598
4600
4602
4607
4611
4614
4615
4616
4618
4619
4621
4623
4624
4625
4626
4627
4628
4629
4630
4631
4634
4635
4637
4638
4639
4640
4642
4645
4646
4647
4649
4650
4651
4654
4655
4657
4658
4659
4660
4661
4662
4663
4664
4665
4666
4667
4669
4671
4673
4674
4675
4676
4677
4678
4679
4680
4682
4685
4686
4691
4694
4695
4696
4697
4698
4699
4701
4704
4707
4709
4713
4714
4719
4721
4722
4724
4725
4727
4728
4732
4734
4735
4736
4738
4740
4741
4743
4744
4745
4746
4747
4748
4749
4753
4755
4757
4758
4759
4761
4764
4765
4767
4773
4774
4775
4776
4780
4781
4782
4787
4788
4789
4791
4792
4793
4794
4795
4798
4799
4800
4802
4803
4804
4807
4809
4811
4813
4814
4816
4817
4818
4819
4821
4822
4823
4829
4830
4832
4837
4839
4845
4846
4847
4849
4851
4853
4854
4857
4859
4860
4862
4863
4865
4867
4868
4869
4871
4872
4873
4874
4875
4877
4878
4879
4880
4884
4889
4890
4893
4898
4901
4903
4907
4910
4912
4913
4917
4919
4920
4922
4923
4924
4928
4930
4931
4932
4937
4943
4944
4948
4949
4950
4954
4957
4962
4964
4969
4971
4973
4974
4975
4976
4977
4978
4980
4981
4986
4987
4988
4990
4991
4992
4999
5000
5001
5006
5007
5011
5013
5014
5015
5019
5021
5024
5025
5028
5032
5034
5036
5039
5040
5041
5042
5044
5045
5046
5047
5048
5049
5051
5054
5055
5057
5062
5067
5068
5075
5077
5079
5081
5083
5085
5087
5089
5093
5094
5095
5096
5098
5099
5102
5104
5106
5107
5108
5109
5110
5112
5115
5120
5122
5124
5125
5127
5128
5129
5130
5131
5133
5134
5135
5136
5137
5138
5145
5146
5147
5148
5149
5151
5152
5158
5162
5165
5167
5168
5169
5178
5182
5183
5185
5186
5187
5189
5190
5194
5196
5197
5204
5205
5206
5213
5214
5217
5218
5220
5221
5222
5224
5226
5227
5229
5231
5232
5233
5235
5237
5241
5242
5245
5246
5247
5249
5250
5255
5258
5262
5263
5265
5266
5270
5273
5275
5276
5279
5282
5285
5287
5290
5291
5292
5293
5298
5299
5300
5303
5304
5305
5306
5307
5308
5310
5312
5314
5315
5316
5318
5322
5323
5327
5331
5333
5334
5336
5337
5339
5340
5341
5344
5345
5346
5349
5351
5354
5357
5364
5367
5368
5369
5372
5382
5384
5387
5389
5390
5391
5392
5394
5397
5399
5401
5404
5409
5413
5415
5416
5419
5420
5423
5425
5429
5432
5433
5434
5435
5442
5443
5445
5446
5448
5449
5450
5451
5452
5454
5456
5458
5459
5461
5463
5464
5465
5468
5469
5471
5472
5473
5475
5476
5478
5479
5480
5484
5485
5486
5487
5492
5493
5495
5496
5497
5498
5499
5500
5507
5508
5511
5512
5514
5516
5519
5525
5528
5529
5531
5535
5539
5540
5541
5542
5544
5546
5548
5549
5550
5553
5554
5556
5557
5558
5561
5563
5572
5573
5577
5579
5581
5582
5584
5585
5591
5592
5593
5595
5596
5597
5598
5606
5609
5612
5613
5615
5617
5618
5620
5622
5623
5625
5627
5628
5629
5630
5636
5637
5638
5640
5643
5645
5646
5647
5648
5650
5652
5653
5658
5663
5665
5667
5668
5671
5673
5674
5677
5684
5686
5687
5688
5691
5693
5694
5695
5696
5697
5698
5699
5704
5705
5708
5710
5714
5718
5719
5726
5727
5728
5729
5730
5732
5733
5743
5746
5747
5751
5756
5759
5760
5762
5764
5768
5770
5773
5776
5777
5778
5779
5780
5781
5783
5784
5786
5788
5789
5790
5791
5792
5796
5798
5799
5800
5803
5809
5812
5815
5816
5819
5823
5824
5828
5829
5830
5832
5833
5836
5837
5838
5839
5840
5843
5847
5848
5851
5853
5854
5856
5857
5859
5861
5862
5864
5866
5869
5872
5874
5886
5887
5890
5891
5900
5901
5902
5903
5907
5908
5909
5910
5916
5919
5920
5926
5931
5933
5936
5937
5938
5940
5941
5943
5944
5945
5946
5947
5949
5954
5955
5956
5957
5959
5960
5961
5962
5964
5967
5968
5969
5975
5979
5980
5983
5986
5987
5989
5991
5994
5997
5999
6002
6003
6006
6010
6011
6013
6014
6016
6017
6020
6027
6028
6029
6031
6036
6037
6040
6041
6047
6053
6055
6057
6058
6061
6063
6065
6067
6068
6073
6074
6077
6078
6080
6084
6087
6094
6096
6101
6103
6106
6109
6111
6112
6114
6118
6121
6124
6126
6127
6128
6129
6131
6134
6139
6141
6145
6148
6150
6152
6153
6154
6155
6157
6159
6161
6162
6164
6168
6174
6175
6177
6183
6185
6186
6188
6193
6194
6196
6197
6198
6200
6201
6203
6205
6206
6208
6211
6212
6213
6215
6218
6220
6222
6223
6225
6227
6229
6230
6234
6235
6239
6240
6242
6243
6244
6246
6247
6249
6250
6251
6259
6261
6263
6265
6266
6268
6271
6274
6275
6276
6278
6281
6283
6285
6292
6293
6294
6295
6297
6298
6300
6304
6308
6310
6314
6317
6319
6321
6324
6326
6329
6330
6334
6336
6337
6338
6346
6347
6348
6349
6350
6351
6352
6357
6358
6366
6373
6377
6380
6383
6386
6387
6394
6396
6401
6402
6406
6414
6415
6416
6417
6419
6420
6422
6423
6424
6428
6429
6431
6434
6435
6436
6437
6438
6439
6440
6442
6447
6449
6450
6457
6464
6465
6466
6471
6472
6473
6476
6480
6484
6485
6488
6490
6492
6495
6496
6497
6498
6502
6503
6504
6509
6513
6515
6518
6520
6522
6523
6526
6528
6533
6534
6535
6536
6537
6539
6545
6547
6549
6550
6552
6554
6557
6558
6559
6562
6564
6566
6567
6568
6572
6573
6575
6576
6578
6579
6584
6585
6586
6590
6595
6599
6602
6611
6614
6616
6617
6618
6619
6622
6624
6625
6629
6632
6634
6637
6638
6639
6641
6645
6646
6648
6649
6650
6651
6654
6659
6661
6664
6669
6677
6679
6681
6682
6683
6687
6690
6691
6696
6697
6698
6699
6701
6704
6705
6706
6708
6710
6711
6712
6713
6714
6715
6720
6721
6722
6724
6731
6732
6734
6736
6740
6743
6746
6750
6751
6753
6755
6756
6757
6762
6763
6765
6768
6769
6770
6774
6776
6777
6778
6781
6782
6786
6787
6788
6791
6793
6794
6797
6798
6799
6801
6803
6805
6807
6808
6809
6810
6811
6815
6816
6817
6818
6820
6821
6827
6830
6832
6834
6835
6841
6842
6845
6846
6848
6849
6850
6852
6855
6856
6858
6861
6863
6870
6871
6873
6875
6877
6881
6884
6885
6887
6889
6890
6891
6894
6896
6898
6901
6905
6906
6907
6912
6913
6914
6915
6923
6924
6929
6932
6936
6946
6947
6952
6953
6955
6957
6960
6961
6963
6967
6968
6970
6973
6975
6976
6977
6978
6980
6988
6989
6992
6993
6995
6996
6997
6998
6999
7000
7003
7004
7005
7008
7009
7012
7014
7015
7016
7017
7018
7019
7020
7021
7022
7026
7027
7030
7034
7035
7036
7039
7040
7042
7044
7047
7049
7050
7053
7055
7059
7060
7061
7062
7068
7078
7080
7081
7082
7083
7084
7086
7091
7095
7098
7099
7101
7102
7103
7104
7109
7111
7112
7119
7122
7125
7127
7130
7133
7136
7139
7141
7146
7147
7149
7150
7154
7158
7159
7160
7161
7162
7163
7167
7168
7170
7173
7174
7175
7176
7177
7180
7182
7184
7185
7187
7188
7191
7192
7194
7199
7201
7202
7204
7207
7208
7210
7211
7212
7213
7214
7215
7219
7220
7221
7225
7226
7228
7231
7235
7238
7239
7242
7245
7247
7249
7251
7253
7255
7259
7260
7261
7262
7263
7267
7268
7269
7271
7275
7276
7278
7280
7283
7284
7285
7286
7288
7289
7291
7292
7293
7294
7296
7297
7299
7300
7305
7306
7307
7311
7312
7313
7314
7324
7325
7327
7329
7330
7335
7339
7340
7345
7347
7348
7349
7353
7357
7359
7360
7361
7362
7364
7365
7366
7368
7369
7373
7374
7376
7380
7382
7383
7384
7390
7391
7392
7397
7398
7401
7403
7405
7407
7408
7411
7420
7442
7444
7445
7448
7450
7452
7453
7454
7456
7459
7461
7479
7481
7482
7484
7492
7523
7541
7560
7562
7564
7565
7568
7569
7570
7572
7573
7574
7579
7584
7586
7615
7616
7617
7618
7623
7624
7627
7636
7637
7638
7646
7647
7649
7650
7699
7701
7705
7706
7707
7723
7724
7725
7727
7730
7739
7742
7743
7756
7757
7758
7766
7768
7771
7772
7782
7787
7790
7818
7821
7822
7824
7827
7833
7834
7835
7837
7839
7840
7843
7846
7872
7878
7881
7883
7884
7889
7895
7896
7900
7914
7919
7920
7923
7928
7938
7939
7942
7945
7948
7952
7958
7976
7981
7983
7984
7986
7987
7988
7990
7991
8003
8004
8007
8008
8009
8013
8014
8017
8019
8033
8039
8040
8041
8042
8043
8056
8062
8068
8070
8092
8094
8117
8120
8121
8122
8124
8125
8126
8129
8134
8138
8139
8141
8143
8148
8153
8157
8158
8167
8169
8187
8189
8191
8194
8196
8199
8201
8206
8221
8232
8235
8238
8239
8254
8256
8257
8259
8261
8263
8265
8266
8268
8269
8272
8290
8291
8330
8332
8335
8338
8360
8362
8366
8368
8369
8370
8372
8377
8380
8381
8382
8383
8384
8385
8387
8388
8391
8398
8399
8400
8402
8403
8405
8446
8447
8451
8452
8460
8462
8463
8481
8486
8488
8495
8499
8507
8512
8520
8522
8527
8530
8531
8534
8535
8537
8540
8544
8571
8573
8576
8581
8584
8585
8593
8596
8598
8600
8603
8604
8605
8609
8610
8614
8616
8617
8618
8619
8622
8628
8630
8631
8636
8638
8641
8644
8645
8646
8647
8649
8651
8655
8658
8661
8666
8668
8669
8673
8676
8677
8680
8687
8690
8691
8692
8693
8696
8699
8700
8705
8709
8710
8711
8712
8715
8721
8722
8723
8725
8734
8741
8744
8746
8747
8748
8757
8760
8764
8765
8768
8770
8773
8776
8777
8779
8784
8786
8789
8792
8797
8798
8799
8800
8802
8803
8804
8805
8809
8810
8820
8821
8824
8825
8828
8829
8830
8831
8832
8835
8836
8840
8841
8842
8844
8845
8846
8851
8854
8856
8857
8859
8860
8861
8862
8864
8865
8866
8868
8869
8875
8879
8880
8886
8887
8888
8892
8899
8901
8902
8905
8907
8908
8909
8911
8915
8917
8918
8923
8924
8926
8927
8932
8936
8937
8940
8941
8943
8945
8946
8951
8952
8955
8956
8957
8959
8964
8966
8967
8968
8969
8970
8971
8972
8973
8977
8978
8981
8982
8984
8985
8989
8996
9002
9003
9004
9005
9007
9010
9011
9012
9013
9017
9019
25750
25773
25782
25783
25789
25793
25795
25797
25826
25827
25835
25839
25850
25868
25870
25878
25885
25886
25888
25898
25899
25906
25908
25916
25924
25929
25930
25931
25937
25938
25947
25951
25954
25977
26055
26059
26079
26110
26112
26122
26124
26128
26134
26139
26142
26144
26150
26151
26158
26159
26172
26176
26178
26185
26187
26189
26198
26199
26203
26208
26222
26225
26230
26231
26246
26249
26265
26269
26270
26271
26277
26283
26301
26302
26313
26339
26349
26364
26375
26386
26391
26398
26404
26422
26431
26464
26465
26476
26483
26492
26495
26504
26509
26521
26527
26544
26547
26550
26561
26562
26567
26616
26629
26649
26662
26663
26676
26677
26681
26682
26686
26688
26694
26698
26704
26726
26745
26750
26770
26776
26778
26791
26792
26810
26812
26819
26828
26834
26840
26841
26842
26861
26865
26870
26901
26934
26950
26974
26982
26985
26989
26996
27020
27109
27193
27266
27271
27397
27402
27408
27416
27436
27450
27456
27491
27513
27523
27544
27573
27587
27592
27604
27608
27620
27627
27648
27679
27685
27700
27706
27722
27734
27735
27740
27744
27772
27773
27776
27783
27790
27808
27816
27826
27831
27833
27843
27865
27866
27876
27882
27888
27899
27905
30659
30701
30707
30747
30749
30783
30793
30803
30818
30825
30883
30896
30952
31000
31035
31038
31040
31042
31047
31079
31083
31101
31104
31107
31150
31156
31184
31221
31223
31225
31260
31263
31309
31347
31349
31359
31362
31364
31408
31422
31429
31431
31437
31445
31447
31494
31528
31547
31553
31555
31577
31584
31588
31606
31610
31617
31658
31660
31685
31687
31696
31698
31702
31724
31737
31742
31747
31770
31785
31804
31807
31854
31900
31909
31956
31973
32002
32009
32011
32019
32022
32025
32056
32058
32062
32074
32076
32078
32082
32088
32109
32116
32124
32128
32141
32149
32151
32153
32156
32158
32160
32162
32166
32170
32179
32211
32213
32239
32261
32289
32294
32296
32298
32300
32314
32318
32325
32342
32345
32347
32354
32361
32371
32381
32456
32587
32589
32591
32602
32617
32625
32627
32668
32674
32677
32721
32825
32892
32966
33008
33072
33113
33119
33124
33136
33138
33140
33148
33154
33160
33162
33171
33188
33340
33410
33437
33495
33499
33592
33629
33639
33644
33649
33672
33722
33725
33781
33794
33826
33830
33834
33836
33880
33896
34002
34018
34048
34065
34129
34150
34158
34162
34185
34193
34271
34292
34321
34326
34332
34334
34336
34353
34405
34437
34526
34540
34542
34583
34624
34645
34648
35015
35957
36056
36152
36276
36397
36513
36519
36533
36535
36537
36541
36553
36752
37380
37384
37545
37727
37729
37741
37830
38038
38188
38294
38320
38388
38499
38701
38798
38843
38992
38994
39052
39183
39234
39292
39369
39394
39402
39408
39416
39419
39427
39429
39446
39449
39659
39715
39869
39886
40010
40148
40278
40339
40412
40414
40574
40581
40583
40586
40614
40629
40723
40752
40815
40819
40833
40851
40870
40887
40952
40964
40988
41285
41336
41527
41617
41627
41721
41769
41831
41997
42004
42007
42009
42015
42018
42053
42213
42217
42556
42718
42721
42723
42725
42728
42730
42734
42736
42738
42783
42900
43333
43419
43558
43560
43684
43710
43744
43871
43899
43906
43908
43912
43917
43919
43928
43930
43932
43936
43987
44004
44073
44189
44197
44199
44204
44238
44301
44613
44657
44665
44709
44729
44731
44759
44761
44777
44815
44849
44864
44974
44978
45175
45186
45210
45221
45335
45431
