2462689, [3137, 7253, 5135, 2317, 4960, 351, 4635, 2303, 7433, 3434, 1327, 2179, 6660, 6805, 3173, 4960, 4635, 1436, 2303, 3434, 4960, 5350, 4927, 2587, 4950, 1398, 2451, 3954, 2217, 2370, 2587, 4675, 2941, 5686, 4635, 5588, 7732, 5210, 4960, 1643, 7137, 1430, 7157, 5939, 5438, 6521, 3434, 1824, 2878, 3154, 6805, 4089, 3434, 7137, 3434, 66, 1520, 1761, 678, 2252, 5054, 5435, 4906, 5489, 470, 5435, 5054, 4635, 4950, 5489, 5289, 5054, 7752, 1436, 711, 3434, 7473, 5441, 2333, 510, 5686, 514, 3155, 5830, 5551, 5054, 4046, 2186, 6791, 4960, 2460, 1444, 1356, 2783, 1327, 2179, 5151, 3434, 5137, 4635, 2375, 3434, 3736, 500, 4729, 3384, 4223, 3434, 238, 1804, 3036, 7137, 2315, 7364, 5054, 7154, 5054, 7137, 5350]
1335380, [7137, 2315, 662, 2182, 2818, 7735, 2182, 6806, 5071, 3637, 3766, 269, 3160, 1068, 7191, 947, 1868, 1804, 425, 7137, 947, 4479, 3766, 3607, 7902, 2624, 6298, 2270, 6352, 7705, 6446, 7019, 4745, 3766, 2990, 7018, 7902, 3607, 268, 702, 4950, 4041, 1962, 7217, 6806, 3607, 7425, 701, 2382, 909, 4915, 1949, 425, 2879, 7752, 6883, 3745, 1655, 67, 7099, 3976, 2266, 445, 6340, 4479, 3607, 3105, 425, 5435, 5572, 4316, 445, 6671, 7364, 7473, 5572, 5435, 2150, 216, 54, 5435, 5572, 4316, 2150, 2381, 662, 6312, 5572, 922, 2266, 6518, 947, 6671, 6365, 1127, 2150, 5572, 425, 589, 7823, 2878, 4280, 7722, 51, 7615, 4923, 4043, 2451, 3766, 961, 7823, 290, 3121, 4906, 1440, 4656, 5441, 3736, 7615, 425, 5570, 4316, 2587, 1286, 7293, 4436, 5182, 2150, 3607, 4950, 4906, 2321, 4144, 4408, 470, 3607, 5910, 3736, 2515, 1840, 861, 2375, 4706, 7132, 1657, 861, 7615, 3736, 6803, 1655, 861, 3607, 1008, 7248, 5135, 500, 425, 861, 4077, 7248, 1670, 4041, 7137, 4729, 425, 3766, 2118, 7340, 2879, 7292]
1480747, [5441, 2375, 1670, 3727, 1444, 67, 2641, 6266, 7387, 2451, 3727, 6991, 4728, 4950, 6859, 3727, 903, 5098, 2333, 4493, 4573, 1668, 6859, 7732, 4573, 7081, 3727, 2985, 2587, 2451, 4280, 1201, 4271, 1450, 6635, 5561, 3727, 4573, 4675, 3992, 2985, 4479, 402, 5438, 5934, 7018, 4675, 6939, 3727, 4806, 5438, 2227, 3727, 446, 371, 5438, 4675, 5438, 1436, 1378, 3727, 1488, 5939, 5846, 5588, 4675, 3727, 5438, 446, 1862, 5846, 1706, 6309, 5438, 5438, 7704, 2641, 5846, 7137, 3984, 711, 5438, 4675, 470, 2186, 5486, 446, 4675, 7807, 6379, 3727, 5438, 2587, 2311, 1488, 3727, 484, 6991, 4675, 3727, 402, 6991, 6991, 7704, 922, 3727, 4950, 1436, 329, 5438, 2878, 4084, 4017, 6703, 1488, 5438, 5361, 5846, 5135, 1657, 6686, 5186, 5438, 402, 3727, 5435, 4280, 4675, 586, 5289, 4512, 7807, 1930, 2587, 5438, 6061, 6382, 6837, 2624, 3727, 7692, 5438, 1904, 5438, 7704, 2963, 5289, 2783, 4478, 3727, 2587, 3701, 2587, 7338, 4732, 3987, 3727, 3155, 6991, 6312, 2587, 1397, 4573, 118, 4732, 3987, 3136, 3727, 6859, 586, 1668, 3823, 3727, 4316, 2587, 2217, 369, 7732, 7217, 5435, 5289, 3727, 5438, 3280, 702, 5289, 5289, 2465, 6991, 446, 2990, 3727, 6312, 2587, 1397, 369, 6859, 2641, 4573, 7995, 402, 5934, 2641, 369, 7755, 3727, 1425, 5583, 5915, 2631, 3727, 5253, 2878, 5097, 3727, 487, 3727, 5112, 1083, 5438, 4675, 3727, 2878, 5135, 2382, 3727, 1425, 2333, 5433, 5438, 7081, 3727, 2641, 586, 3152, 6860, 470, 5438, 1934, 541, 3727, 4114, 7129, 5505]
15224586, [7137, 2315, 2375, 2213, 7439, 6806, 3100, 2375, 2241, 7599, 7705, 7014, 1068, 2746, 6389, 3401, 3926, 2878, 446, 6590, 7157, 1925, 4479, 7014, 2451, 2321, 7387, 7014, 2241, 1651, 2559, 2241, 586, 4144, 2390, 7599, 4408, 6305]
8471210, [3107, 7874, 5112, 909, 7220, 5438, 7806, 4718, 7692, 6446, 1238, 7137, 4718, 5146, 7220, 2587, 3056, 2879, 3152, 5135, 7137, 5486, 2880, 7220, 369, 5141, 2321, 1525, 845, 7137, 5486, 2270, 4867, 2176, 142, 2382, 4867, 7220, 520, 4077, 541, 4867, 7220, 1930, 845, 1552, 5849, 7137, 4964, 6264, 2624, 7293, 7755, 2818, 7517, 4512, 1107, 4114, 4046, 2596, 2408, 586, 7517, 2624, 1532, 2596, 2408, 6440, 586, 3738, 7137, 2315, 5551, 3981, 1436, 586, 4041, 1668, 6822]
1925869, [6365, 7439, 6806, 2315, 2370, 7003, 7767, 4450, 5841, 5872, 5572, 7217, 3736, 4310, 369, 5135, 2878, 446, 1356, 6298, 7086, 6690, 4400, 3992, 1605, 2783, 6581, 3655, 4450, 5588, 4400, 6837, 7387, 4041, 3043, 2335, 2258, 3655, 5829, 1356, 4450, 2847, 3981, 3655, 4450, 4400, 6835, 7752, 3126, 2258, 7192, 2382, 2150, 2847, 7722, 4400, 470, 7217, 5299, 2382, 4066, 5592, 6158, 1652, 2847, 369, 2723, 3126, 118, 5939, 7192, 446, 1356, 2847, 2847, 6513, 4450, 2382, 4400, 3736, 2847, 2559, 909, 2317, 2270, 6518, 4310, 4328, 7874, 3655, 2879, 4089, 6153, 6579, 4450, 446, 7018, 586, 2258, 4400]
2408359, [6266, 7075, 2879, 216, 7735, 4588, 2853, 1436, 444, 1488, 5085, 6382, 4516, 5874, 6805, 7292, 5844, 991]
10016997, [2259, 1018, 6690, 5512, 2304, 2809, 6740, 7137, 2259, 5512, 7018, 7364, 4733, 7137, 1436, 5831, 4675, 5210, 5512, 1934, 6847, 922, 6585, 5512, 7735, 2809, 2375, 2641, 2465, 6740, 1532, 4579, 922, 470, 5512, 2118, 5676, 7752, 5676, 6805]
6167400, [7137, 2315, 7722, 6366, 4538, 2315, 4046, 5805, 7137, 688, 5116, 2241, 1915, 7902, 4512, 7018, 5116, 7787, 449, 1939, 5116, 1761, 5116, 3147, 7902, 4512, 2321, 2150, 960, 444, 7217, 7902, 4512, 1444, 2315]
17711304, [3107, 2390, 7780, 2673, 2110, 7397, 441, 7137, 1657, 3981, 7713, 2311, 2176, 4493, 6659, 3427, 1109, 7137, 1521, 1657, 7248, 2878, 7081, 882, 441, 6298, 7816, 704, 1732, 1978, 2311, 2580, 7137, 4964, 1657, 7300, 4040, 2673, 5146, 5892, 3434, 1109, 487, 6309, 7705, 2878, 2673, 4278, 7780, 7705, 2580, 2878, 3980, 3427, 5915, 6308, 7425, 3434, 1109, 5146, 3666, 444, 7137, 7397, 5551, 441, 66, 506, 5087, 1436, 947, 4493, 269, 2118, 1611, 2381, 6311, 1657, 290, 2333, 7104, 4950, 269, 2580, 6745, 1356, 238, 5146, 7304, 2673, 4316, 5135, 6939, 5118, 6365, 7304, 2878, 1127, 228, 6513, 1666, 7240, 5146, 6745, 7752, 5098, 3334, 2673, 4017, 2641, 3976, 6745, 7137, 2580, 755, 5135, 4512, 1081, 4975, 5146, 269, 2587, 5142, 7752, 445, 6070, 2709, 4718]
529276, [5131, 6464, 4421, 2910, 6433, 1804, 2881, 2948, 2053, 2280, 6433, 6446, 4077, 6690, 6297, 6297, 7816, 5486, 1716, 4091, 1657, 1327, 470, 2705, 7760, 6433, 7718, 438, 3736, 2053, 1488, 6433, 6297, 6446, 2641, 7217, 6690, 4538, 1091, 3607, 7902, 2341, 1651, 7138, 7154, 2053, 4493, 1087, 5412, 4538, 229, 5291, 3274, 7780, 1363, 7816, 4391, 817, 500, 5135, 6433, 3736, 6297, 510, 2235, 7137, 3666, 5659, 6433, 510, 1488, 4538, 2321, 2053, 5085, 6805, 6433, 7147, 6805, 2587, 5600, 6433, 4538, 6446, 6433, 6315, 6836, 7137, 6433, 7296, 7473, 513, 3274, 7137, 4964, 1657, 4538, 1236, 6433, 4316, 2150, 6703, 7138, 2451, 4373, 4718, 1962, 1091, 4718, 7138, 2053, 2182, 3274, 7364, 7735, 4538, 3274, 4114, 2053, 2321, 6433, 5436, 7718, 5146, 4538, 3274, 6433, 5436, 4538, 7464, 2053, 1611, 2053, 4745, 2053, 4538, 1483, 6433, 7718, 5942, 2053, 956, 7137, 6433, 7460, 6293]
226664, [7711, 5907, 7820, 3156, 2631, 5907, 6315, 2321, 4950, 4041, 5176, 7816, 5135, 2181, 6312, 7080, 105, 2397, 115, 1286, 5435, 1284, 2878, 6703, 3136, 2397, 1284, 6635, 909, 5871, 4041, 5756, 7651, 7902, 5097, 5097, 5489, 470, 3981, 6312, 2313, 5098, 1086, 6365, 2525, 2878, 1725, 4112, 211, 2894, 1804, 845, 5907, 103, 4723, 2972, 2451, 446, 229, 3345, 1651, 5780, 1709, 7157, 3345, 7018, 2699, 1008, 2878, 484, 4728, 586, 7018, 4479, 5780, 5780, 6150, 1651, 118, 1521, 3981, 4106, 2878, 6624, 7080, 3107, 2879, 1981, 7730, 4280, 7730, 2878, 2972, 5967, 5780, 6658, 5090, 2245, 7453, 3345, 586, 6624, 5780, 2318, 4745, 5214, 1925, 6521, 7387, 5135, 5135, 6635, 2963, 6931, 1657, 7137, 2315, 4114]
7675415, [5403, 6892, 3736, 7902, 2624, 5436, 2948, 4224, 4077, 5997, 5403, 6312, 7902, 2624, 2270, 2624, 1756, 3736, 2451]
3470969, [3212, 4950, 7874, 5350, 3981, 4984, 7717, 7419, 6340, 7240, 510, 7473, 7796, 5590, 5135, 4271, 5068, 6883, 4479, 1631, 1657, 7717, 7684, 378, 1525, 1657, 7717, 510, 2408, 378, 4773, 7157, 6882, 1734, 4223, 2879, 4984, 7717, 378, 1631, 5115, 3139, 378, 7081, 5115, 4718, 378, 6315, 1419, 3981, 5146, 500, 7217, 378, 2878, 3981, 7018, 7473, 2181, 1832, 7795, 241, 2270, 5833, 4773, 1222, 7512, 3810, 378, 1488, 4711, 1670, 227, 3100, 1138, 7137, 7387, 2705, 2311, 378, 4923, 3736, 6252, 3946, 4615, 378, 6061, 4711, 3009, 7874, 4223, 7651, 7796, 7651, 2182, 6805, 378, 378, 7796, 7364, 1734, 378, 7692, 7248, 2847, 5135, 2333, 2315]
4016437, [3107, 4729, 960, 3980, 4904, 4516, 3085, 6266, 4904, 2258, 118, 4904, 6708, 2353, 6446, 5915, 7298, 2382, 4280, 7460, 446, 2382, 5135, 7387, 1286, 1068, 7240, 1286, 3736, 6690, 3285, 1286]
17060199, [1360, 4571, 5277, 4077, 6635, 4718, 5848, 5841, 3107, 5141, 4127, 322, 6841, 5112, 3166, 1360, 1651, 1178, 6841, 5299, 5910, 7816, 1360, 513, 369, 5277, 2218, 4310, 3318, 2972, 4041, 4271, 2119, 7473, 1360, 2311, 750, 2451, 7816, 5277, 5289, 6446, 1761, 3318, 3318, 7018, 1360, 4223, 6830, 3666, 1436, 586, 5135, 4984, 1360, 5551, 5098, 5289, 2321, 4718, 3107, 5398, 3981, 5289, 6446, 6592, 228, 7717, 3318, 1605, 369, 7806, 2317, 3318, 484, 969, 6446, 7018, 2972, 6521, 1360, 5805, 6597, 2245, 6446, 4718, 6805, 1398, 118, 6305, 969, 6382, 7473, 5990, 2241, 2456, 3318, 1360, 3039, 4271, 1360, 6382, 500, 7816, 3318, 5277, 5846, 2878, 7717, 1869, 4280, 4144, 3318, 5097, 1934, 1360, 520, 7816, 2878, 1934, 1356, 4144, 5277, 393, 7651, 3100, 446, 6446, 3981, 3318, 393, 1930, 1464, 369, 6382, 7752, 3318, 2215, 1444, 1360, 484, 3981, 3107, 1360, 7692, 683, 228, 369, 4923, 1127, 5570, 7217, 2150]
1788654, [2559, 2315, 1631, 1460, 5595, 2236, 5805, 5147, 4041, 2587, 2422, 3139, 5098, 7651, 2422, 4964, 1657, 5097, 5213, 4479, 5097, 4485, 6957, 2422, 2339, 6957, 1201, 2339, 2310, 4485, 6957, 446, 7369, 3947, 4632, 7217, 6446, 2422, 2587, 6382, 1962, 4984, 6957, 2422, 5098, 6312, 1708, 2093, 4084, 5486, 960, 1945, 6264, 2897, 541, 6590, 3056, 2183, 7704, 6312, 3056, 3056, 6957, 6312, 6805, 7137, 5361, 7364, 6957, 960, 1945, 2422, 510, 2422, 7018, 4925, 1732, 1945, 2422, 2353, 5131, 446, 2972, 4615, 3336, 2321, 1945, 1666, 5486, 446, 6264, 2422, 1439, 2422, 4400, 861, 3336, 3736, 1945, 118, 2422, 922, 1278, 4114, 2878, 5098, 4984, 2321, 960, 2838, 1666, 3336, 3736, 2838, 7460, 2321, 2422, 7735, 2422, 7473, 5433, 1666, 960, 3992, 3152, 2422, 6957, 4146, 2150, 2411, 4077, 2183, 4074, 4479, 2422, 2422, 3336, 1487, 2422]
3662683, [5131, 4706, 7471, 5553, 3466, 5830, 4960, 2333, 7217, 2400, 7874, 7180, 6805, 2878, 702, 5830, 5085, 7820, 7722, 697, 5553, 4718, 1804, 4552, 1983, 269, 2723, 2878, 69, 2315, 7100, 7746, 4782, 7460, 7397, 2212, 7473, 2878, 4728, 1056, 4077, 2217, 2245, 1524, 2990, 269, 3155, 4316]
473286, [3377, 486, 7826, 4077, 4950, 1356, 2241, 4144, 2333, 249, 702, 7081, 6314, 3377, 7364, 122, 6852, 454, 67, 3377, 5997, 4041]
6575053, [7137, 1685, 5087, 6807, 6607, 4912, 2212, 6860, 7735, 7755, 1840, 1535, 4250, 7137, 6939, 4587, 7874, 5112, 7141, 4391, 817, 1918, 7704, 6860, 1918, 7517, 7795, 5585, 7704, 3155, 118, 5141, 4802, 4130, 6298, 5478, 6635, 6874, 4802, 7081, 2587, 6807, 702, 7292, 4925, 1081, 5898, 5137, 2150, 1222, 4516, 4223, 2878, 1666, 7517, 1436, 1918, 5049, 6685, 5135, 2150, 5478, 2879, 7800, 4479, 1918, 5049, 1631, 7473, 2150, 5478, 7137, 1918, 5049, 4316, 2150, 1171, 1918, 5049, 1848, 7081, 3981, 1918, 5049, 2963, 4077, 7718, 2328, 1804, 6939, 3736, 118, 3981, 7752, 5829, 4041, 5693, 7718, 5693, 2878]
2209027, [757, 5301, 4146, 4077, 6395, 2878, 7816, 5090, 804, 470, 2315, 702, 7732, 5301, 6792, 6382, 6264, 4883, 6828, 7584, 2878, 1725, 757, 4046, 2881, 6446, 7875, 4041, 3946, 7686, 6385, 2451, 4041, 2587, 5606, 3095, 6805, 2235, 2280, 757, 2451, 5905, 216, 7735, 757, 5146, 1573, 7137, 2311, 757, 3009, 757, 2905, 2451, 5397, 3009, 5097, 757, 6061, 4077, 5910, 7157, 2587, 5433, 1483, 444, 4950, 4675, 4089, 858, 7755, 7816, 5135, 1657, 1436, 66, 7760, 1125, 7018, 5135, 1657, 757, 7460, 4485, 757, 7018, 757, 5060, 6805, 369, 882, 2321, 3154, 2187, 757, 757, 5135, 2090, 6742, 6061, 3009, 6446, 1236, 1734, 7104, 757, 2321, 578, 757, 1868, 1436, 2972, 5135, 1657, 2321, 4485, 5253, 5830, 757, 5135, 2090, 1436, 2972, 4964, 1657, 2321, 757, 1849, 4516, 2460, 6521, 4144, 1657, 2641, 6559, 757, 2587, 1436, 2972, 5135, 1657, 2321, 845, 858, 1378, 858, 757, 2220, 5135, 2090, 757, 4516, 2181, 2878, 1868, 4485, 1934, 1998, 1868, 1868, 1868, 2587, 3725, 2878, 2587, 4958, 6683, 7704, 5606, 882, 2878, 5910, 7651, 757, 6446, 7287, 7423, 7820, 444, 6822, 7081, 6828, 4144, 7018, 1670, 2878, 5910, 2972, 4280, 1287, 1657, 757, 2333, 6395, 7137, 4729, 2317, 4964, 882, 2880, 7667, 757, 2819, 7248, 6635, 7473, 757]
4154028, [7137, 2228, 1111, 4197, 3382, 513, 4553, 7806, 5939, 7059, 5098, 6818, 5406, 2027, 3046, 3967, 4733, 5406, 5406, 6312, 3382, 3046, 2142, 1804, 7095, 3085, 5066, 3382, 3382, 1706, 219, 6446, 3046, 5406, 4280, 3009, 2142, 6736, 7667, 4017, 3382, 7018, 4675, 5361, 7827, 5406, 5874, 4017, 3382, 4675, 2818, 4733, 7799, 4964, 7192, 7732, 3382, 2317, 3173, 528, 3382, 5910, 2972, 2142, 6881, 4493, 1918, 5966, 5915, 3382, 7095, 3085, 4733, 7795, 3382, 3947, 7688, 7800, 861, 5910, 7157, 2317, 2241, 1666, 5966, 3382, 2353, 3009, 5966, 586, 393, 6624, 2591, 2118, 393, 3736, 7137, 2591, 5135, 2118, 5966, 5898, 1670, 5979, 1670, 4480, 118, 4964, 4733, 446, 2880, 5979, 5060, 1464, 2150, 1741, 5979, 861, 704, 7694, 3009, 6828, 353, 4782, 6859, 757, 1324, 6521, 4964, 1657, 1324, 2215, 5979, 6828, 353, 3981, 1464, 4733, 4738, 5979, 3736, 353, 7752, 353, 2451, 4950, 3666, 3009, 484, 5979, 7304, 7137, 6597, 369, 832, 1125, 7217, 5979, 1670, 7387, 2525, 7137, 4964, 1657, 1741, 446, 5291, 5979, 353, 1734, 5979, 118, 4114, 444, 3009, 1741, 3981, 3100, 1436, 586, 6722, 7190, 5135, 7694, 5979, 2803, 7694, 1541, 6264, 2317, 5915, 3212, 5915, 2183, 2631, 353, 5057, 5979]
770277, [500, 2315, 7902, 2624, 94, 4032, 5270, 1804, 5436, 1532, 4218, 5142, 4328, 5712, 1651, 4218, 4493, 4310, 3974, 4040, 2445, 4912, 7752, 6611, 2445, 5486, 5098, 6513, 5572, 2150, 1356, 6841, 1370, 7692, 4925, 5572, 6518, 6061, 7137, 5572, 2241, 1666, 1525, 845, 2321, 1378, 845, 1930, 7726, 4718, 7137, 1657, 2103, 3981, 4114, 5050, 7311, 2245, 5829, 1921, 5131, 6726, 7137, 2245, 7311, 7795, 2321, 7816, 3736, 2445, 5098, 7752, 446, 6264, 5098, 7081, 2818, 5098, 2245, 6805, 1447, 6312, 284, 6805, 3976, 541, 7460, 6312, 7311, 1666, 2445, 5098, 6513, 2739, 2150, 541, 4328, 1657, 7800, 7718, 1436, 5898, 1447, 7139, 7137, 7018, 2920, 7507, 2920, 3981, 7507, 1447, 5350, 1447, 5142, 7139, 4146, 1290, 2752, 2445, 5486, 6726, 2451, 2390, 4218, 510, 7473, 5142, 2752, 2445, 123, 4114, 5050, 7157, 4114, 6883, 2752, 7311, 7139, 4466, 704, 4328, 5050, 2878, 5146, 7139, 7311, 5053, 445, 5135, 4706, 1291, 889, 7018, 7081, 4218, 1447, 3736, 3666, 5659, 7137, 3736, 1082, 5572, 2752, 4218, 6312, 4218, 2679, 3121, 6446, 7795, 6690, 2997, 4218]
32558509, [4629, 5361, 1111, 3174, 7441, 6859, 6061, 1111, 5871, 1741, 4114, 3165, 5486, 5098, 7692, 4597, 6446, 7473, 5588, 1043, 5486, 1083, 3736, 960, 7018, 1605, 2723, 1657, 5872, 6830, 7752, 5829, 6807, 6312, 4597, 6312, 5939, 7735, 3738, 2878, 7081, 3738, 470, 6061, 1127, 6521, 4090, 2878, 7735, 5135, 7328, 2587, 7722, 5135, 3738, 1127, 3976, 541, 861, 6446, 5829, 2220, 6061, 7752, 5829, 2228, 4597, 7667, 7735, 7667, 3899, 2587, 7442, 5066, 7154, 7667, 7137, 1111, 7901, 1039, 7717, 1657, 1741, 5066, 832, 2317, 2524, 2321, 3738, 7157, 2587, 2311, 1741, 1804, 3738, 1934, 4479, 4597, 7651, 484, 7717, 7018, 1286, 2321, 1666, 960, 5711, 2311, 3738, 4597, 1083, 922, 7137, 3738, 6061, 5942, 7217, 2879, 4280, 2241, 7137, 5486, 5398, 1741]
19332675, [7137, 2315, 4883, 717, 1509, 5486, 1741, 5551, 444, 2587, 7704, 2181, 5350, 4144, 118, 4103, 750, 2451, 4964, 5605, 5892, 5528, 7726, 7760, 7806, 3976, 6841, 7752, 484, 4310, 4114, 1657, 6894, 4538, 1116, 513, 3153, 3777, 7806, 4114, 1116, 1962, 4114, 1670, 806, 832, 1939, 1670, 7192, 2878, 1840, 7584, 176, 7192, 5097, 5910, 7192, 7460, 1840, 2631, 1111, 7137, 1657, 1666, 6894, 186, 5097, 7018, 7081, 5361, 7344, 7193, 2587, 4172, 922, 2321, 1666, 7081, 7104, 3147, 484, 6806, 1734, 2187, 6806, 6822, 4144, 245, 4172, 7684, 5176, 5486, 446, 1444, 6515, 2972, 6309, 4610, 7137, 2315, 6806]
19755481, [7137, 2315, 5141, 4693, 393, 7806, 4069, 7684, 5112, 4310, 1398, 861, 470, 3981, 393, 6312, 4310, 7717, 3981, 6683, 4069, 7018, 4950, 1356, 6312, 4310, 7717, 4310, 7717, 4069, 6038, 541, 4069, 6158, 484, 6158, 7419, 2321, 6681, 7217, 6636, 1452, 454, 4564, 5291, 446, 393, 6158, 4077, 6963, 842, 7137, 7387, 4512, 7717, 393, 5291, 1541, 5570, 5841, 3105, 3155, 2847, 514, 4310, 7717, 4069, 118, 1840, 4069, 861, 3981, 6158, 3981, 1018, 7328, 4964, 4706, 5132, 6963, 228, 1542, 702, 1452, 3107, 5146, 393, 5516, 2451, 6158, 6690, 7473, 2333, 6828, 6158, 5135, 4069, 4773, 6158, 4512, 6963, 2321, 5066, 66, 6841, 5486, 1083, 6807, 5176, 1962, 7217, 6963, 2638, 2624, 4077, 5210, 1521, 6963, 2641, 393, 6686, 7800, 6963, 4964, 7651, 2638, 6963, 6305, 7217, 6963, 7081, 2317, 1542, 6963, 7752, 7692, 2375, 5659, 7081, 6158, 4044, 6446, 7752, 5910, 1492, 7217, 6963, 1436, 91, 5659, 6845, 6798, 7192, 1542, 1734, 2878, 1463, 5285, 1542, 5441, 6158, 6963, 3147, 3174, 1611, 6963, 4927, 2227, 2382, 2328, 4044, 5141, 5141, 5694, 6963, 5433, 7755, 5141, 7314, 3152, 6963, 438, 6963, 7292, 697, 4280, 470, 6963, 7364, 6446, 2353, 7419, 2150, 6446, 66, 7292, 697, 6963, 1804, 1872, 7473, 66, 6963, 1397, 4044, 7423, 5694, 6446, 6722, 5486, 6264, 446, 5486, 1083, 5176, 393, 7752, 5486, 2118, 6158, 2638, 6158, 2321, 4044, 6312, 861, 6963, 2317, 6158, 4728, 6963, 704]
2311219, [5441, 7137, 2315, 702, 2182, 118, 3736, 2679, 2220, 2220, 1925, 537, 123, 3976, 6759, 2631, 2972, 4610, 7240, 2679, 1832, 537, 6759, 5142, 537, 2631, 7065, 2400, 4512, 6817, 6726, 115, 2798, 5966, 708, 7300, 1090, 2390, 6671, 1378, 537, 7065, 6365, 7296, 2445, 3136, 4137, 3107, 5998, 2723, 7296, 2333, 27, 954, 4077, 5479, 7137, 2723, 2375, 393, 537, 5966, 6513, 1666, 3107, 5272, 5966, 3475, 3163, 6305, 2878, 5066, 5605, 7460, 5966, 3107, 7065, 3736, 4964, 171, 537, 2587, 4964, 171, 7364, 697, 4044, 7752, 5966, 227, 3736, 537, 3141, 4957, 1521, 4964, 7137, 2723, 4493, 44, 5966, 7473, 2252, 2212, 3212, 5915, 4137, 537, 537, 4493, 4137, 5272, 7065, 3136, 7192, 4748, 7909, 3576, 3576, 4894, 4017, 537, 4137, 7344, 5142, 1107, 1692, 2382, 7065, 1441, 3107, 6817, 5966, 537, 4493, 2723, 6671, 7157, 3736, 7192, 3107, 4137, 7065, 393, 1962, 4984, 2400, 4510, 393, 3009, 2118, 118, 2739, 1925, 5966, 6597, 6759, 4510, 5849, 441, 2230, 115, 4906, 537, 4552, 1983, 5489, 2723, 2723, 1107, 4964, 862, 3107, 1210, 2382, 7018, 4316, 5966, 5915, 1845, 537, 2355, 4950, 2972, 4950, 1356, 5912, 1284, 3107, 6830, 2092, 711, 123, 3981, 2245, 228, 1436, 4950, 537, 3107, 2317, 6264, 537, 5141, 5142, 4064, 3107, 6521, 5903, 537, 484, 922, 5910, 3981, 537, 3981, 7735, 1962, 3946, 6264, 1065, 5234, 66, 4950, 1356, 7383, 1155, 6264, 5059, 4512]
18563253, [2209, 7137, 5441, 5059, 586, 5350, 2878, 1939, 541, 4479, 2390, 1797, 3728, 3251, 2587]
5733324, [4690, 2505, 2245, 4310, 4280, 4077, 578, 5392, 2878, 4144, 6028, 7726, 6650, 4738, 6061, 6883, 1713, 7722, 4690, 67, 4077, 7137, 4690, 2181, 5398, 7730, 2103, 1651, 224, 7800, 2878, 750, 2451, 4977, 1934, 118, 4690, 7730, 3504, 7800, 7730, 4984, 7137, 2752, 4690, 2505, 4690, 2187, 7248, 751, 4280, 4690, 4977, 2641, 4675, 1713, 3155, 3992, 4690, 5862, 7752, 7874, 2245, 1151, 44, 7240, 7190, 4738, 7364, 6446, 1670, 7190, 4675, 4690, 5064, 5931, 4690, 2245, 4077, 4690, 1378, 4077, 3762, 2658, 4984, 4977, 4512, 700]
4995581, [7755, 7253, 4883, 6847, 5146, 2315, 7473, 4883, 7137, 6828, 2408, 4572, 5486, 1840, 861, 6305, 3046, 4686, 7137, 2315, 5141, 6518, 2878, 4572, 1804, 7137, 5486, 3984, 711, 4773, 5905, 4572, 2644, 1651, 4108, 2245, 4572, 4927, 750, 2321, 7686, 2228, 5135, 1657, 4134, 4572, 4950, 5905, 6883, 7696, 2278, 4572, 5590, 2209, 4572, 1446, 4572, 2252, 2118, 2390, 7726, 4686, 5146, 6658, 6798, 1651, 4572, 1018, 7129, 4686, 7752, 7018, 4686, 3009, 2315, 7725, 1840, 2818, 4686]
2257358, [5156, 5382, 5421, 4077, 6590, 3046, 3425, 5135, 1657, 5421, 6061, 2150, 1487, 32, 909, 2587, 2313, 1138, 2290, 7019, 586, 5572, 4629, 1993, 5931, 5421, 1436, 5438, 688, 7075, 2624, 5421, 3967, 4733, 7651, 5421, 7081, 4802, 5097, 2564, 5135, 2705, 2212, 5421, 4629, 2878, 7019, 4103, 4733, 5421, 2907, 5477, 4046, 2564, 2456, 2907, 5421, 3980, 4629, 3992, 4328, 7874, 1743, 4512, 922, 4512, 5421, 245, 3095, 4629, 2658, 2395, 7473, 2724, 3009, 7081, 2641, 4408, 5421, 4629, 3056, 2183, 4629, 2317, 6312, 2215, 5421, 1930, 2905, 5421, 6061, 586, 2321, 5421, 6252, 3947, 118, 5112, 2100, 4103, 5421, 4280, 5551, 5112, 4310, 5421, 2907, 7684, 5486, 7230, 4733, 5421, 7651, 1804, 7081, 5421, 4144, 5299, 541, 4310, 3085, 2212, 5421, 7019, 2972, 5071, 586, 3425, 2878, 4629]
5239234, [7397, 142, 2382, 1430, 1226, 2451, 5228, 6061, 1369, 7820, 7705, 142, 6521, 7147, 7460, 2880, 5112, 2451, 3736, 1532, 142, 2382, 662, 7108, 6952, 2245, 4510, 6590, 352, 2270, 6635, 7615, 3212, 1840, 6518, 1107, 6379, 1407, 5433, 1111, 1665, 4479, 7615, 5365, 2390, 4915, 1081, 6061, 1939, 2963, 1088, 5436, 7081, 2270, 5910, 118, 5436, 4493, 3136, 3736, 6446, 3736, 2245, 2186, 7615, 2400, 1657, 1665, 123, 7711, 5097, 352, 4090, 1962, 142, 4077, 5214, 6312, 6683, 142, 2382, 7704, 7065, 6065, 352, 6518, 4316, 1407, 2231, 470, 7018, 1088, 5436, 1665, 3984, 7711, 446, 487, 56, 4479, 352, 7615, 2321, 7137, 7615, 2150, 1088, 5436, 118, 2883, 5436, 5990, 5977, 3385, 3385, 3511, 510, 352, 7018, 704, 7304, 586, 7108, 352, 6952, 56, 1151, 3136, 142, 2382, 2631, 5436, 7253, 4045, 6396, 2984]
1330432, [1317, 4883, 1117, 6686, 1832, 4651, 6755, 4006, 4408, 249, 6446, 7704, 578, 2587, 5545, 1949, 94, 4006, 245, 249, 7722, 7157, 94, 578, 909, 4460, 470, 1284, 2724, 2922, 3158, 4006, 5085, 3980, 3068, 4460, 4718, 5286, 6803, 4059, 472, 4006, 4280, 500, 2333, 4059, 844, 229, 71, 4006, 6624, 4059, 3212, 7018, 4006, 4059, 702, 4006, 7081, 1284, 94, 2878, 4059, 2181, 4017, 4059, 2641, 4006, 6365, 4059, 2259, 3699, 3212, 5356, 3699, 1840, 4059, 1284, 7874, 4006, 4059, 1286, 4493, 7294, 7157]
6369452, [4665, 1664, 1854, 5270, 7730, 5844, 6312, 2333, 7217, 7874, 7387, 2375, 7730, 5844, 5177, 4964, 1657, 2241, 4144, 6061, 7248, 7464, 4957, 5903, 3072, 6259, 4223, 5605, 1485, 7476, 6578, 5066, 5135, 7137, 2941, 2321, 4665, 5270, 1178, 7248, 7752, 3671, 5915, 4665, 6061, 3428, 5270, 6061]
5283066, [7137, 2315, 2375, 6828, 6297, 1322, 6852, 7902, 4310, 4280, 4493, 5214, 3009, 6881, 4127, 322, 5135, 1657, 6297, 4493, 1951, 7724, 3166, 6297, 1761, 5821, 4452, 5821, 2941, 6297, 6745, 5146, 2375, 2130, 3173, 5821, 6303, 2258, 3212, 4452, 6297, 3736, 7704, 7473, 6297, 6952, 2879, 5915, 7019, 7767, 6957, 7018, 7787, 5361, 118, 5071, 586, 4146, 4728, 3009, 7732, 6957, 2321, 2313, 1725, 4773, 5394, 6297, 3736, 2866, 4130, 5851, 329, 1574, 2183, 6297, 5910, 5821, 861, 7823, 3174, 7755, 7684, 5821, 6297, 1012, 1951, 2451, 2819, 4041, 2878, 3009, 5821, 4280, 7816, 3009, 6297, 4044, 5135, 5821, 334, 6297]
2274938, [208, 2826, 4773, 1556, 3904, 969, 4773, 3312, 3063, 5398, 1840, 6379, 2879, 5232, 2339, 7874, 2723, 7075, 1436, 1068, 1556, 3904, 6365, 4950, 1068, 470, 5314, 2879, 7081, 6828, 3312, 5135, 2451, 510, 118, 5314, 7081, 3312, 1666, 3312, 2227, 7755, 6798, 1534, 5741, 3736, 3312, 638, 5098, 7790, 4964, 3736, 6365, 2879, 3312, 702, 3736, 2878, 3736, 6281, 2878, 3736, 7097, 4400, 3736, 3312, 2227, 2241, 5711, 7798, 3312, 4728, 4146, 6181, 3359, 6382, 1521, 2641, 7722, 290, 3173, 7589, 4773, 5942, 2616, 2304, 270, 3312, 2321, 6395, 4718, 6379, 2879, 5232, 7276, 5068, 861, 5841, 4773, 7097, 861, 4108, 1666, 208, 7752, 2880, 402, 2616, 3312, 922, 5398, 2616, 3312, 6379, 2879, 2616, 5314, 446, 3312, 470, 3312, 3736, 5314, 2616, 1934, 3312, 1872, 7701, 6822, 3312, 922, 2317, 5915, 2227, 118, 7217, 2616, 7688, 2150, 3981, 3312, 4115, 5314, 7426, 7137, 2317, 6518, 6521, 4738, 2879, 6521, 3312]
3147170, [7137, 2315, 2375, 5438, 7799, 5438, 1111, 5060, 5131, 4328, 1483, 5141, 7137, 6365, 2705, 6306, 7140, 5551, 5438, 1832, 4085, 2290, 284, 1120, 4510, 2232, 6803, 69, 2532, 2437, 1597, 3976, 3899, 958, 6305, 3976, 836, 186, 1217, 69, 7816, 704, 6264, 7216, 221, 5508, 7062, 7137, 2315, 5141, 2317, 1930, 5141, 4984, 1120, 6822, 4629, 4085, 2587, 7160, 5942, 5361, 587, 2397, 3335, 5372, 7460, 5582, 470, 7816, 7722, 4950, 1356, 1993, 1120, 1436, 1210, 587]
22829, [7137, 2315, 2315, 4984, 5896, 2315, 7137, 68, 702, 7902, 1521, 858, 6494, 6952, 1083, 1532, 2321, 2382, 7717, 1666, 1605, 2091, 4984, 5438, 7084, 763, 7529, 4729, 7137, 7803, 4310, 7137, 4761, 1439, 844, 2624, 3154, 6494, 6494, 1217, 7717]
1307956, [4926, 5135, 3976, 69, 1657, 2244, 1217, 2948, 4381, 4108, 6792, 3964, 5570, 5910, 3009, 6855, 6446, 5438, 5552, 4089, 4373, 3030, 7806, 6792, 1924, 6586, 1226, 5097, 3745, 1226, 1226, 4512, 5438, 470, 4146, 2567, 1951, 4103, 6660, 7419, 5356, 7874, 6691, 4782, 2783, 4381, 7752, 4381, 7460, 3745, 1402, 5057, 2879, 7182, 5595, 3107, 1840, 4292, 1217, 4381, 71, 4552, 7024, 7140, 6803]
1871096, [4546, 1541, 3174, 2587, 486, 7160, 3976, 510, 5957, 5203, 2187, 4546, 3727, 960, 692, 653, 6635, 3727, 5916, 510, 3727, 683, 7141, 7711, 7368, 3376, 470, 6703, 236, 4292, 4546, 7018, 2333, 7292, 6798, 7240, 2587, 5916, 960, 3231, 3981, 829, 4546, 1733, 6312, 2150, 7584, 7473, 5433, 4280, 3725, 5141, 4546, 2150, 2241, 638, 1138, 683, 2150, 4546, 3231, 1483, 1541, 7752, 5486, 445, 5203, 6340, 4546, 7137, 6791, 1611, 5862, 6266, 4479, 510, 3736, 5203, 5686, 5433, 5203, 5435, 4546, 4984, 3107, 5146, 6791, 4984, 3141, 5203, 7137, 4546, 1436, 7276, 2315, 4923, 3736, 5203, 3946, 6305, 2878, 684, 5203, 5098, 2879, 586, 1539]
797330, [7387, 7433, 960, 858, 1912, 1652, 7182, 5433, 4077, 700, 510, 4089, 700, 700, 7253, 7018, 3155, 118, 5552, 4316, 960, 2631, 4479, 2190, 6640, 5356, 6308, 5435, 7018, 7820, 5433, 1939, 700, 1480, 4280, 4782, 7266, 6640, 7104, 700, 6044, 1072, 4516, 3150, 7431, 7157, 3980, 2390, 3434, 5841, 1804, 4802, 1353, 1651, 2631, 2465, 7755, 2321, 5112, 889, 5915, 6640, 4773, 3434, 858, 1912, 7701, 4773, 6640, 1371, 960, 2408, 4773, 2270, 3490, 3150, 6640, 5435, 284, 7104, 6873, 7137, 960, 6352, 2333, 7217, 4077, 1912, 6034, 6640, 6640, 858, 2314, 700, 2150, 1670, 858, 1480, 700, 3434]
7977406, [7137, 2315, 6365, 2972, 4217, 6274, 5583, 5583, 1761, 122, 6797, 5116, 446, 5116, 6797, 6797, 702, 5116, 5116, 1436, 586, 702, 6797, 3039, 446, 5116, 586, 6797, 5583, 7104, 2878, 7718, 7137, 7364, 7137, 5583, 2206, 6521, 6797, 5116, 2878, 369, 7364, 6797, 5116, 7104, 5583, 3981, 6797, 5116, 5116]
33431914, [7137, 2315, 702, 6521, 3094, 6806, 2953, 3736, 4587, 5350, 7180, 2375, 3163, 5350, 2953, 241, 2321, 4144, 2953, 4958, 6597, 484, 3736, 2953, 7217, 2878, 484, 1353, 5871, 2878, 4280, 7799, 7439, 6806, 5942, 4041, 5361, 4280, 5146, 5433, 7137, 1869, 6806, 4587, 269]
5981203, [7137, 2315, 7253, 6828, 7387, 7807, 4852, 1593, 1593, 7081, 4852, 7902, 4310, 2165, 6266]
8204853, [7137, 2315, 6365, 6635, 7293, 969, 6361, 3738, 4773, 7902, 7807, 1229, 7364, 1155, 2092, 402, 2390, 2750, 486, 454, 5552, 1229, 6315, 5435, 4280, 5917, 6635, 1734, 4310, 1398, 7364, 3086, 2750, 5435, 4675, 5917, 6635, 5605, 6308, 1229, 5874, 5438, 5285, 1464, 4675, 4084, 6798, 5435, 3471, 1488, 1229, 2750, 4280, 6635, 5486, 7667, 842, 4310, 2750, 7137, 5435, 68, 2750, 6635, 3009, 5917, 2739, 2456, 5176, 3009, 7387, 6518, 500, 7217, 1229, 2321, 842, 2535, 6807, 6592, 5942, 4964, 1229, 6061, 541, 6635, 3009, 2321, 5917, 1666, 861, 5176, 4925, 2878, 586, 3152, 3009, 3471, 7460, 2321, 2750, 3981, 3980, 5917, 6518, 2750, 845, 4923, 118, 2333, 6518, 2750, 5917, 2879, 3981, 2750, 1229, 3981, 3009, 2150, 6264, 1541, 1229, 5875, 3992, 3471, 2878, 5555, 5438, 7717, 702, 1286, 2739, 1229, 7157, 2641, 586, 3152, 6518, 5917, 2641, 4493, 4146, 4460, 3009, 5833, 5917, 3992, 2750, 1229, 4460, 6312, 484, 4587, 1878, 2739, 5487, 7157, 2879, 470, 1229, 2750, 1229, 2750, 470, 4114, 6790, 1878, 804, 2880, 1539, 5176, 7137, 1716, 2150, 5990, 229, 6703, 1138, 7192, 3107, 5990, 1716, 1229, 5398, 5477, 7157, 861, 5487, 6822, 484, 7473, 3152, 2150, 6630, 922, 3736, 1229, 2750, 3471, 861, 1934, 541, 6703, 2587, 1229, 5915, 2228, 7180, 4478, 2328, 118, 1934, 1229, 2750, 5151, 4927, 4675, 1651, 1651, 3107, 6635, 2311, 4923, 2587, 2265, 4310, 5486, 2750, 1229, 2750, 3471, 1934, 541, 2587, 2321, 5135, 861, 4629, 7157, 1934, 586, 5917, 5658, 6312, 861, 1229, 2997, 7364, 1111, 4017, 2641, 3107, 7684, 1229, 2321, 6624, 1651, 7157, 123, 2641, 4114, 2750, 586, 1083, 4675, 1138, 123, 2878, 6513, 2750, 7381, 3736, 2587, 4675, 3107, 4478, 7217, 1229, 1934, 935, 7137, 123, 6061, 1083, 3471, 7684, 586, 7157, 4280, 1988, 2922, 1611, 6703, 1666, 1229, 2227, 3471, 2739, 7300, 2879, 6446, 7831, 7767, 1229, 7081, 4675, 5135, 5433, 1804, 5658, 6312, 3471, 1840, 2314, 5060, 1651]
204774, [5442, 2253, 4797, 6860, 5059, 3107, 7874, 7387, 4512, 705, 5143, 5135, 6792, 3745, 2118, 2783, 7667, 4958, 7137, 123, 702, 3981, 2477, 6703, 845, 6666, 3056, 2624, 909, 2878, 5942, 2186, 1249, 2819, 7975, 91, 909, 514, 91, 688, 7975, 861, 5829, 2353, 7975, 2587, 3212, 7310, 5131, 7722, 2972, 6745, 578, 24, 6841, 4438, 3981, 578, 7018, 4438, 7300, 6803, 705, 5143, 7018, 6792, 1254, 1945, 7137, 100, 4144, 6385, 5910, 7752, 705, 7915, 7018, 4046, 3009, 4927, 4646, 4512, 2587, 4512, 3981, 228, 2103, 2440, 3666, 7752, 2103, 2241, 5234, 1921, 3899, 2653, 7018, 4438, 7915, 7975, 1447, 5350, 1356, 4144, 6312, 4041, 2880, 2631, 1178, 7651, 2321, 6446, 1444, 956, 2881, 7835, 7912, 1447, 1127, 67, 2948, 7426, 7137, 2315, 586, 2333, 6264, 2253, 4797, 7141, 6315, 6578, 2315, 7735, 750, 2384, 2315, 2653, 4127, 322, 2315, 1549, 489, 4027, 7808, 750, 71, 540, 4950, 2315, 1549, 1352]
4268056, [6373, 7874, 7820, 7705, 5112, 909, 1655, 2150, 1068, 997, 4041, 2878, 6365, 3476, 3139, 711, 1840, 5912, 4718, 229, 3476, 2227, 1611, 2280, 4106, 7529, 5350, 3433, 2451, 1068, 5551, 2150, 3736, 3981, 1655, 2227, 2150, 1655, 2150, 7081, 2641, 7018, 3214, 2317, 2641, 5050, 1520, 6578, 1655, 1068, 4041, 7344, 5135, 4130, 7820, 229, 3476, 7190, 5350, 3980, 5350, 7344, 5141, 2213, 2317, 5350, 3980, 7344, 1655, 4718, 5912]
265033, [2723, 1542, 211, 7137, 3984, 5441, 1082, 1217, 4280, 513, 5146, 6252, 2235, 5277, 1573, 6312, 6515, 211, 2440, 5551, 5910, 1982, 7024, 5308, 3944, 3439, 1226, 647, 913, 7137, 7473, 7024, 7419, 7240, 7784, 1217, 3457, 5874, 6762, 903, 444, 4046, 5135, 3107, 702, 3141, 5135, 5135, 3457, 991, 4099, 1586, 3992, 3981, 6515, 5135, 4427, 7137, 4419, 7081, 2309, 7065, 500, 3946, 6305, 804, 4777, 7065, 4479, 3457, 5874, 4280, 2205, 2440, 513, 2878, 991, 4478, 3457, 6873, 7217, 500, 586, 7024, 7180, 586, 5910, 2099, 2390, 4017, 3457, 5910, 586, 1982, 4280, 663, 1249, 514, 1734, 3947, 7137, 4964, 1657, 4538, 7024, 586, 2878, 5957, 5910, 3107, 6264, 991, 1006, 1369, 2281, 5151, 6515, 7132]
305909, [7137, 1718, 2042, 7276, 4292, 6803, 2815, 1549, 3475, 4447, 118, 7192, 3736, 2432, 1718, 5907, 510, 2270, 3944, 960, 1403, 4605, 1718, 5097, 6803, 4964, 6521, 7018, 1718, 4434, 1657, 1718, 510, 6691, 2424, 2970, 5438, 4447, 1718, 5097, 7230, 2118, 4447, 7667, 1460, 1718, 3981, 3076, 4447, 2375, 1718, 6521, 2815, 3490, 1655, 906, 4447, 369, 4493, 4925, 4447, 229, 1718, 2321, 3235, 704, 6379, 5489, 6703, 3736, 701, 3235, 2972, 3946, 5433, 711, 4114, 1718, 2815, 1808, 2815, 5098, 2321, 5441, 5142, 1450, 2321, 1718, 3981, 6521, 2815, 2375, 1450, 711, 7253, 4447, 2313, 3152, 1450, 4447, 1718, 6521, 510, 470, 1718, 7018, 4516, 701, 1718, 5829, 4610, 2815, 922, 4782, 2802, 2815, 2311, 2815, 4668, 1718, 4610, 1450, 711, 5872, 2313, 7190, 5915, 586, 2313, 5097, 7364, 5441, 7874, 510, 3736, 4610, 1718, 4114, 2186, 2444, 142, 2241, 445, 1718, 7129, 4610, 500, 1718, 3107, 2315, 5830, 2658, 7699, 4807, 3980, 1862, 2658, 7270, 1718, 4447, 6690, 1718, 238, 1761, 2333, 4114]
106352, [7137, 2315, 7081, 6828, 7902, 1072, 7806, 6151, 4452, 1926, 4041, 2505, 1018, 5910, 3046, 3992, 704, 4135, 4112, 5901, 506, 1356, 7137, 2315]
45772, [5131, 5063, 5978, 3166, 6636, 908, 374, 6433, 4077, 7137, 7820, 4950, 7874, 7137, 3215, 6796, 5871, 7442, 2878, 4044, 4493, 7137, 3215, 6796, 7137, 2311, 5589, 2567, 269, 5805, 6638, 7240, 5551, 2311, 5978, 7300, 4548, 4548, 245, 1476, 5978, 7722, 5978, 3139, 4548, 2658, 2451, 5316, 7818, 4017, 5587, 5978, 5316, 702, 7806, 7137, 4984, 2311, 5978, 1464, 95, 2212, 683, 7704, 2641, 5131, 4950, 7874, 5978, 438, 137, 7704, 5135, 118, 2311, 4757, 1923, 5438, 514, 2641, 7772, 5589, 2567, 907, 5978, 95, 6061, 1436, 5316, 1848, 6311, 470, 2311, 95, 5978, 4144, 5135, 369, 2311]
600008, [365, 5841, 688, 6266, 2941, 7816, 688, 1651, 6455, 446, 7730, 7018, 5433, 1657, 446, 2722, 7767, 7767, 1249, 7018, 7753, 1962, 4718, 682, 1284, 6455, 5135, 2241, 6806, 5848, 5658, 4718, 7807, 6379, 4689, 5299, 6455, 2245, 3046, 3248, 2212, 2333, 1284, 241, 4278, 2245, 861, 6846, 6455, 6883, 578, 909, 3248, 3478, 6379, 4689, 6455, 702, 6521, 6559, 6805, 2333, 7192, 2400, 4689, 2375, 6455, 922, 365, 7807, 702, 1651, 578, 6455, 4689, 4706, 365, 3043, 6065, 369, 4041, 702]
3709021, [4003, 7311, 625, 1926, 3967, 7752, 625, 909, 6841, 3981, 909, 6283, 4955, 7364, 3174, 6283, 2321, 5435, 3967, 586, 7784, 7293, 7338, 229, 7722, 909, 2390, 3107, 7293, 1151, 5089, 6283, 7371, 7874]
6215073, [1748, 7902, 2922, 6671, 5135, 3946, 7705, 1962, 5898, 2955, 6305, 1748, 510, 2150, 7018, 2955, 2390, 4146, 6446, 3980, 7705, 1356, 3216, 2679, 7192, 2230, 4610, 2559, 2010, 2879, 441, 2027, 2187, 1356, 3158, 7755, 1748, 7137, 1535, 1748, 7704, 3981, 2641, 2321, 2641, 2027, 4481, 446, 702, 1748, 7018, 586, 7473, 1734, 1748, 2027, 2382, 3736, 4718, 7157, 5915, 5435, 7473, 7637, 3036, 5676, 1804, 3981, 4950, 1982, 7157, 4927, 3666, 4728, 5435, 7081, 1748, 2027, 67, 3036, 7137, 2027, 6806, 6703, 1804, 6578, 5831, 7157, 1356, 6311, 4923, 6518, 4271, 5872, 7637, 702, 4648, 6892, 2883, 1949, 2883, 446, 484, 1748, 1734, 2027, 1748, 1748, 510, 2118, 1692, 4280, 7137, 2317, 1748, 6311, 7137, 2315, 1748, 6806, 6574, 3036, 2587, 245, 1178, 2477, 3980, 6446, 3666, 2311, 1286, 7342, 4950, 5676, 4310]
101523, [118, 2587, 5146, 5780, 1939, 3318, 6562, 858, 2321, 3312, 3987, 1439, 882, 662, 4046, 74, 2315, 2315, 3107, 7387, 7651, 2964, 5135, 7826, 2315, 2964, 7081, 3318, 6562, 858, 5285, 5606, 5942, 1439, 2390, 2451, 2010, 5438, 3312, 3987, 7460, 3980, 4729, 7735, 4729, 2252, 7387, 6365, 2970, 4729, 4223, 3094, 4675, 5186, 5131, 7722, 334, 2723, 2400, 7807, 3523, 6589, 4630, 5135, 4310, 929, 5398, 3212, 5915, 929, 5310, 334, 7104, 2624, 5964, 1795, 4925, 3318, 929, 7517, 5146, 2587, 3523, 7807, 5135, 2321, 6641, 3523, 5658, 1397, 3318, 6562, 858, 5874, 7387, 4950, 5310, 7755, 2624, 5964, 1795, 6365, 177, 922, 1795, 7755, 2641, 3318, 6562, 858, 334, 7018, 6965, 7157, 2150, 5176, 6312, 5486, 446, 7517, 711, 3736, 2624, 3523, 3318, 3318, 7018, 3523, 5658, 2284, 4411, 6521, 6264, 842, 1795, 5066, 334, 2150, 2878, 3980, 334, 5848, 2204, 7137, 5098, 2321, 7717, 6589, 5846, 3318, 4280, 1930, 5658, 69, 5438, 4964, 3318, 6562, 858, 6965, 683, 3318, 6562, 858, 1217, 706, 2382, 6792, 1833, 2103, 4400, 5438, 7018, 922, 6264, 1082, 3318, 6562, 858, 3523, 446, 6264, 4745, 3318, 6562, 858, 3523, 7081, 5833, 7387, 7473, 1848, 5964, 3386, 3523, 229, 4630, 6589, 2228, 3386, 470, 3523]
12494128, [2344, 7580, 7439, 6806, 4391, 586, 5066, 7874, 2344, 1081, 1440, 7439, 2411, 7820, 7705, 3056, 6359, 2344, 3046, 5834, 7705, 7387, 4512, 1446]
6902699, [3107, 1278, 6150, 452, 7217, 1018, 2972, 3418, 2948, 1018, 2235, 3418, 452, 4675, 2270, 6805, 1018, 452, 6574, 7081, 2020, 452, 3095, 3976, 1367, 4144, 3194, 2658, 7132, 7901, 5545, 2328, 7798, 2641, 7019, 7255, 2020, 513, 7255, 7137, 513, 7255, 4478, 1018, 7752, 452, 4493, 2020, 4172, 94, 7157, 2020, 3981, 7255, 4041, 452, 1488, 6061, 541, 7248, 2866, 2235, 1018, 452, 2020, 922, 5135, 4984, 5846, 7240, 2020, 3666, 452]
2870583, [4538, 2724, 1447, 1983, 2581, 2878, 7217, 2451, 4072, 5505, 4782, 5289, 7784, 2881, 4621, 7745, 738, 909, 5177, 4729, 750, 2451, 4393, 2241, 2587, 3725, 6266, 1840, 2641, 2270, 7137, 1397, 4729, 7464, 1532, 7137, 2315, 1983, 738, 102, 738, 7694, 6579, 7137, 3984, 4538, 6315, 4728, 7746]
1376896, [7137, 6828, 1525, 4077, 984, 5934, 4171, 374, 4077, 5289, 4114, 2624, 2658, 7217, 4041, 4114, 5658, 7293, 5252, 1804, 6690, 7070, 6626, 1019, 3434, 4278, 5029, 5435, 7364, 1201, 7293, 2110, 4278]
4370892, [5985, 1405, 528, 2997, 7338, 4310, 2878, 5841, 6352, 6690, 7800, 520, 1804, 5131, 7276, 2187, 7874, 6578, 5872, 882, 5606, 369, 7240, 2247, 5606, 1405, 5435, 662, 2213, 7599, 3155, 369, 2997, 6828, 3212, 4745, 6873, 7722, 2997, 118, 520, 697, 1405, 6685, 4703, 6836, 7160, 2818, 4923, 2879, 7364, 5135, 1657, 6513, 1405, 510, 3728, 1284, 1405, 5874, 1405, 2321, 4114, 1631, 3107, 1631, 4090, 4130, 6690, 3404, 1405, 4316, 2150, 3404, 3981, 3009, 4077, 800, 717, 692, 1405, 2235, 3736, 6362, 7823, 7599, 3155, 7019, 5572, 1804, 717, 5915, 1405, 1405, 717, 3728, 6690, 2280, 7419, 2280, 1405, 717, 1405, 2150, 6690, 2878, 586, 3009, 684, 4041]
3036635, [5905, 1972, 4144, 4950, 2445, 4047, 3107, 1733, 510, 3728, 1872, 5097, 2321, 1872, 3043, 5435, 1872, 6973, 750, 2451, 5883, 446, 7784, 586]
5549799, [1744, 4544, 858, 7902, 909, 5135, 4984, 1354, 4964, 1657, 6266, 118, 6266, 4964, 1657, 6061, 2972, 1978, 2375, 2451, 7240, 1837, 1354, 858, 5361, 6730, 7163, 7874, 858, 6061, 4127, 322, 5605, 5871, 2878, 4408, 5545, 2333, 1284, 858, 3980, 7095, 3085, 4077, 6312, 578, 892, 858, 702, 4280, 2972, 4729, 1670, 6690, 4084, 2270, 6521, 1934, 2878, 702, 7651, 1291, 4733, 2958, 4072, 2881, 4041, 245, 4072, 500, 6703, 578, 858, 2819, 7217, 4951, 6703, 858, 2641, 858, 1285, 7795, 2317, 2699, 1354, 470, 2270, 858, 6521, 3946, 4223, 7081, 2270, 4144, 858, 2317, 1436, 4041, 1804, 4144, 2245, 4964, 858, 7217, 4017, 2641, 5712, 438, 142, 7217, 4017, 2641, 4041, 2317, 5939, 4041, 858, 5939, 7292, 688, 4044, 7874, 6690, 7717, 5830, 1918]
1740764, [7216, 4976, 750, 2451, 4976, 1436, 1534, 2587, 5931, 5658, 1872, 6882, 470, 4976, 3139, 3172, 4976, 843, 7423, 7216, 4898, 6061, 6806, 1483, 5434, 3046, 1673, 1286, 3981, 2328, 7216, 1008, 24, 4976, 5097, 5910, 7216, 5435, 1840, 2182, 7216, 3976, 5291, 7216, 6513, 586, 711, 7216, 3736, 586, 2280, 7216, 4976, 3335, 1483, 5555, 1673, 861, 4925, 334, 4144, 514, 7216, 4976]
32496356, [6463, 6690, 3174, 3511, 7157, 4773, 2386, 5098, 374, 5715, 7018, 1222, 5433, 5742, 4683, 5715, 7704, 5500, 4408, 3147, 5742, 1180, 1651, 2451, 2220, 3043, 5500, 4408, 5715, 2270, 7735, 5500, 4478, 1552, 5742, 5742, 5590, 5715, 5433, 5135, 1657, 5715, 3009, 5742, 5816, 5715, 5500, 6463, 5742]
1266819, [1067, 44, 6070, 5899, 2723, 4886, 6274, 7735, 269, 4391, 817, 3173, 7084, 506, 7137, 2596, 6978, 842, 7760, 6312, 7718, 4046, 3155, 7157, 6952, 7718, 692, 1869, 6894, 4041, 763, 1982, 4114, 4046, 470, 211, 4046, 7391, 211, 4041, 7018, 7137, 1869, 6521, 1067, 1869, 2591, 3174, 3476, 7234, 3212, 2315]
1906889, [1949, 90, 7387, 4292, 1425, 6859, 6472, 1997, 6855, 6013, 7137, 7441, 193, 4310, 7192, 6859, 2382, 4077, 7441, 4728, 193, 5901, 2783, 193, 2241, 4144, 7453, 1997, 6855, 4144, 193, 1997, 2241, 4144, 6855, 7137, 2658, 2451, 193, 6855, 1997, 6315, 5712, 193, 5545, 118, 6805, 393, 7192, 7732, 193, 4728, 393, 7137, 4964, 7874, 1997, 2587, 6585, 1904, 6013, 7192, 1483, 393, 1997, 2321, 6855, 2321, 2819, 7806, 193, 6585, 7755, 393, 6312, 6315, 1425]
7463316, [1500, 7729, 256, 7293, 4127, 322, 2451, 2990, 7784, 7300, 1962, 3891, 2241, 4144, 688, 844, 2624, 2818, 6590, 2985, 7137, 7289, 5976, 2515, 4127, 1436, 2972, 960, 3889, 6916, 1500, 7137, 4089, 7194, 4729, 1501, 438, 956, 1488, 5433, 2880, 704, 290, 2090, 7464, 446, 586, 3009, 7081, 960, 2641, 586, 484, 1935, 1015, 6807, 4706, 5201, 1500, 3009, 4114, 2985, 5066, 1539, 5910, 6822, 5201, 4984, 960, 2881, 2881, 1934, 1015, 6807, 2587, 1015, 4479, 1500, 444, 2878, 6805, 4629, 702, 7798, 956, 438, 7735, 6305, 1015, 586, 4127, 322, 7217, 6312, 1500, 2985, 3946, 7364, 5676, 2985, 2355, 1500, 6740, 2247, 1249, 2878, 540, 5582, 4675, 2985, 7081, 1500, 5903, 1500]
26358395, [7137, 2315, 5141, 369, 3736, 369, 3736, 7442, 5361, 4089, 284, 3173, 4564, 6909, 1541, 6264, 4802, 4310, 3981, 711, 5135, 5486, 2382, 7157, 2321, 5135, 7902, 7806, 2883, 4485, 7755, 7651, 4310, 1981, 7902, 7806, 711, 1493, 1236, 4316, 7018, 4310, 500, 6807, 6822, 6822, 711, 3738, 7419, 2963, 369, 7018, 5433, 3981, 4328, 1666, 7755, 5486, 1236, 4310, 438, 7018, 7707, 2353, 6264, 5398, 1804, 7137, 529, 702, 2317, 6061, 7137, 2315, 1651, 7707, 2641, 3152, 3009]
30627321, [118, 6655, 487, 6658, 542, 5583, 4248, 5590, 5437, 118, 446, 7615, 441, 118, 3736, 2270, 3745, 1082, 229, 2972, 6827, 7311, 5898]
5697632, [2402, 5112, 4371, 2724, 6038, 5285, 4950, 1356, 2948, 2270, 1666, 4718, 5572, 4773, 2878, 4077, 7816, 4371, 7217, 7073, 7137, 7073, 7217, 5372, 1541, 6061, 701, 4108, 7073, 5435, 6362, 1541, 4371, 2451, 6038, 2972, 4371, 541, 1541]
2259030, [3281, 2847, 4937, 2794, 3995, 1611, 5058, 2235, 28, 3511, 7050, 1539, 5024, 1583, 7137, 1082, 7322, 3290, 7050, 2270, 1804, 3511, 7050, 3107, 4782]
2769852, [1391, 2451, 3425, 1801, 2641, 5135, 2181, 700, 1486, 7755, 2723, 4434, 438, 7100, 7018, 1391, 3425, 7192, 5350, 7137, 7100, 3094, 1065, 1962, 5486, 3094, 4041, 1734, 3425, 5398, 960, 6281, 7019, 2972, 1391, 6703, 2878, 5892, 1068, 5176, 5270, 7734, 2972, 542, 1391, 6798, 2270, 4718, 2353, 3009, 6841, 2321, 4041, 2641, 586, 1486, 2948, 4960, 105, 500, 5905, 7816, 909, 2321, 3094, 6737, 1391, 1657, 1391, 2353, 2972, 3425, 5833, 2321, 7741, 6312, 4958, 7741, 1486, 1391, 4316, 7296, 6703, 5997, 513, 1761, 5892, 5135, 2181, 1391, 6630, 4493, 7741, 7311, 4090, 1486, 2321, 1397, 1541, 6264, 118, 5878, 3425, 4316, 3736, 3425, 3736, 1391, 7823, 1391, 7081, 7741, 7795, 2244, 1151, 7387, 5659, 5997, 4041, 7248, 1657, 5605, 4089, 2922, 6266, 1391, 7741, 446, 6266, 1249, 6859, 216, 6798, 1391, 470, 5892, 5350, 573, 68, 7823, 1391, 7741, 6630, 541, 4950]
12414587, [7137, 6828, 2375, 4636, 486, 7902, 4784, 2990, 5582, 6581, 4636, 7704, 2641, 4782, 1068, 1068, 5976, 6578, 2245, 4636, 6446, 7081, 7102, 7390, 2624, 3777, 2246, 4718, 5510, 4718, 5553, 3005, 7367, 1290, 7102, 4636, 2723, 4636, 5135, 7102, 4950, 6691, 6413, 5846, 2247, 6691, 702, 2241, 4636, 3107, 7102, 702, 4636, 2587, 4552, 2311, 962, 1068, 922, 2311, 7102, 2408, 962, 7816, 4636, 3980, 6308, 7752, 4636, 2118, 7816, 3980, 4636, 6308, 7081, 1068, 6413, 711, 4636, 7473, 4636, 2587, 3725, 7102]
3912910, [470, 5350, 4310, 1525, 845, 2910, 2118, 1611, 5024, 5135, 6521, 2879, 4280, 7018, 6362, 2878, 6703, 5135, 1178, 6952, 2922, 118, 7806, 5915, 5841, 4310, 5270, 5658, 6382, 5578, 7387, 6305, 702, 4479, 5135, 7807, 2981, 5401, 3366, 7677, 702, 845, 7018, 1398, 4745, 7137, 7529, 510, 2150, 1934, 3976, 1670, 369, 1217, 1935, 1670, 1284, 7018, 1222, 514, 6312, 1201, 2981, 5401, 6883, 4280, 7340, 1217, 2990, 118, 4328, 2311, 1670, 3946, 3036, 2400, 5350, 6952, 3005, 2981, 5401, 5135, 5361, 2695, 6315, 6952, 5135, 2315]
3681139, [7137, 7108, 6806, 7441, 5135, 7065, 1425, 6515, 7784, 4906, 6379, 7874, 216, 1402, 5910, 2204, 1229, 631, 1378, 5438, 1734, 2881, 7137, 4950, 1402, 6791, 3984, 1996, 5060, 487, 7065, 2382, 2963, 229, 1668, 2039, 7704, 7065, 2235, 1402, 6703, 7065, 5433, 5137, 7065, 1692, 1949, 1668, 2039, 4328, 2382, 5438, 7137, 7065, 2213, 7024, 1692, 487, 1402, 7696, 7874, 5112, 2390, 2922, 6266, 6803, 5314, 838, 1425, 1949, 2270, 1949, 122, 5583, 1109, 5314, 6859, 487, 313, 2114, 6266, 5438, 7065, 838, 1488, 1692, 7874, 2181, 4950, 4510, 7065, 1483, 7160, 2587, 589, 5135, 2315, 1336, 1525, 7276, 5583, 1109, 7081, 838, 7874, 1109, 7065, 7752, 961, 7065, 2333, 6883, 3725, 2304, 2644, 1934, 3596, 118, 838, 7065, 2879, 1402, 5583, 1109, 1488, 1436, 586, 1201, 1436, 586, 7798, 1402, 7065, 5438, 3946, 6300, 5066, 5135, 5792, 7065, 1520, 7441, 7108, 3174, 6300, 7157, 2879, 7800, 1402, 5570, 3981, 1402, 1222, 118, 2333, 2780, 1436, 586, 6305, 2780, 4280, 5135, 6305, 3992, 5910, 6892, 7190, 4017, 1402, 2317, 5438, 7137, 7065, 7784, 7157, 510, 5299, 7387, 838, 2317, 2321, 631, 7784]
2762659, [5441, 5177, 5141, 5486, 1741, 3244, 3433, 4278, 2948, 446, 1651, 6841, 529, 1493, 4927, 5892, 1111, 4629, 5361, 2878, 5201, 5831, 2641, 4782, 1068, 7387, 7732, 1107, 2878, 6061, 3152, 4493, 3046, 7182, 4280, 470, 6592, 4077, 4114, 5829, 5400, 5146, 6521, 541, 4738, 2987, 2739, 2879, 1542, 5441, 5658, 241, 5350, 3009, 7426, 7137, 6315, 3147, 4745, 4046, 2987, 4923, 4310, 7137, 2266, 5915, 7806, 2136, 3174, 7392, 7752, 7392, 5135, 2136, 2987, 6061, 541, 7248, 1541, 1444, 7137, 1655, 3152, 4310, 2136, 3136, 1541, 4728, 7245, 1655, 7722, 7387, 7248, 7065, 5964, 631, 7392, 5551, 6635, 5436, 2150, 2878, 2136, 3009, 6446, 1655, 2212, 6312, 631, 7392, 1655, 7392, 2987, 3981, 631, 228, 3009, 7248, 2136, 2218, 7137, 4316, 7392, 1838, 7529, 5066, 7392, 4629, 1949, 842, 1655, 1838, 470, 1655, 7692, 7392, 631, 6312, 2136, 1838, 1734, 5435, 7392, 2987, 2641, 1655, 393, 5915, 961, 586, 2136, 6592, 5397, 702, 5438, 5438, 5915, 4784, 6446, 7392, 5898, 6069, 2451, 2739, 4084, 1676, 5186, 6252, 4041, 4280, 5438, 6446, 1494, 2904, 3009, 2987, 2587, 6038, 5502, 2878, 1838, 6312, 2136, 2987, 2136, 1655, 7392, 2183, 5588, 4084, 5910, 1655, 5588, 7387, 4280, 4144, 2333, 7217, 2987, 2587, 7217, 2317, 2136, 1655, 3736, 1655, 7800, 2587, 2136, 7192, 2587, 1083, 7248, 7392, 5915, 2641, 4493, 7529, 2150, 5435, 2136, 6828, 4114, 2624, 2228, 4114, 7392, 1488, 7392, 5910, 6841, 3736, 874, 2987, 510, 3736, 7392, 2739, 2136, 586, 7392, 5915, 4587, 4757, 631, 444, 3107, 5146, 6822, 7392, 631, 102, 1488, 500, 5135, 631, 6311, 7827, 5066, 1488, 7392, 4927, 4950, 5135, 5131, 7722, 1071, 2136, 7392, 6630, 500, 1072, 889, 7684, 704, 1083, 7217, 1436, 7392, 4017, 2641, 2878, 7364, 444, 7392, 2328, 5433, 5112, 704, 586, 470, 7392, 6061, 889, 2739, 889, 5486, 7364, 2136, 6578, 6446, 227, 3762, 4587]
451791, [7137, 2315, 4077, 1217, 2288, 7806, 7431, 4051, 4408, 4718, 2400, 1286, 3046, 2288, 7018, 3139, 4144, 4051, 2263, 6845, 2288, 2451, 4144, 7806, 4310, 7137, 2315, 2281, 2146, 4144, 5135, 4144, 6264, 4051, 2288, 7147, 5135, 1657, 4051, 3046, 2587, 3981, 446, 2972, 2321, 2288, 4051, 241, 2990, 4520, 5910, 4051, 484, 1854, 2878, 1804, 2288, 2451, 6312, 4051, 6952, 5131, 5135, 4051, 2288, 1657, 2288, 6308, 118, 3497, 5441, 4051, 2451, 2280, 4077, 2353, 2581, 2288, 7018, 1178, 5146, 4144, 4041, 7190, 4108, 2288, 1082, 6446, 1458, 1068, 7387, 6822, 4316, 4130, 7137, 6828, 7387, 7752, 2315, 702, 4051, 7018, 5901, 7431, 4051, 2580, 238, 7087, 4051, 5878, 2315, 4051, 7190, 2451, 4146, 7419, 3095, 4041, 1808, 2631, 5085, 1446, 284, 738, 4051, 4077, 738, 1670, 4367, 7137, 7010, 2315, 4144, 1670]
21388424, [4687, 4955, 7397, 6671, 586, 2311, 2176, 7820, 7705, 6065, 2972, 4408, 5335, 2701, 7730, 3980, 6836, 2948, 7425, 3992, 4587, 4675, 4587, 7387, 4689, 541, 7800, 3666, 7137, 3967, 7364, 444, 5910, 4950, 4130, 7752, 5112, 1676, 3946, 1040, 7217, 6061, 2866, 6311, 7018, 5335, 2641, 3523, 2587, 4408, 5942, 541]
445895, [7137, 7383, 1618, 352, 7985, 4696, 7902, 7686, 6446, 1286, 7460, 5441, 2010, 445, 6464, 2010, 2328, 3212, 4328, 5912, 7383, 7684, 967, 5915, 7383, 7735, 7473]
456959, [7137, 4883, 331, 2315, 3166, 514, 2375, 5664, 7137, 4964, 6264, 6365, 7874, 1, 484, 2091, 4280, 6305, 7795, 7137, 2091, 484, 6521, 7809, 7137, 7473, 5350, 701, 2091, 4280, 7795, 6806, 7460, 7795, 2699, 5135, 5141, 7820, 2190, 5676, 4077, 1982, 7137, 5915, 2328, 7137, 3386, 1082, 3107, 5552, 1657, 268, 5823, 7818, 907, 487, 3212, 922, 5141, 2321, 2328, 3152, 7137, 3386, 4976, 4526, 196, 2905, 3386, 7688, 6685, 3152, 3386, 196, 7018, 750, 2451, 4144, 3469, 4044, 5872, 7137, 3469, 3736, 7460, 7795, 5394, 5213, 193, 6685, 1670, 3469, 7296, 7081, 193, 7651, 5583, 7741, 2321, 2878, 193, 6590, 6423, 5289, 3004, 7137, 5583, 7081, 193, 3386, 2190, 193, 3980, 4927, 6720, 3036, 2699, 7192, 7795, 1982, 1962, 7217, 2227, 7018, 1666, 4310, 2699, 7795, 2587, 193, 3009, 4905, 238, 3736, 7019, 1962, 193, 2878, 484, 4280, 7192, 7795, 2878, 2181, 7104, 7795, 6446, 7473, 7795, 5146, 3736, 2878, 2879, 2739, 7823, 3736, 193, 7473, 2333, 7192, 7795, 2333, 2878, 7820, 7799, 7342, 4964, 7795, 586, 393, 228, 7137, 193, 5289, 4905, 2375, 7755, 4905, 5289, 4280, 7795, 5289, 4905, 702, 2867, 449, 3736, 7137, 2317, 193, 7304, 6423, 193, 4280, 7795, 193, 7795, 7387, 1657, 2182, 2375, 7304, 7137, 6264, 5142, 7338, 193, 6312, 3469, 2878, 193, 6836, 586]
1226363, [7755, 2972, 712, 960, 2270, 446, 2972, 1436, 2705, 2395, 5398, 4964, 1657, 229, 2601, 1651, 712, 960, 4165, 6559, 6891, 4165, 712, 2270, 2587, 4130, 2386, 2321, 4248, 5141, 5131, 2118, 3976, 2241, 5963, 712, 5875, 712, 484, 6028, 6028, 4280, 7137, 3736, 6894, 5135, 1651, 7018, 5433, 7137, 5097, 2972, 712, 5433, 712, 5939, 2321, 712, 1107, 712, 7688, 2321, 4248, 6312, 7137, 712, 7081, 7651, 712, 2321, 2245, 4077, 5848, 4165, 5931, 4041, 79, 2653, 3701, 5435, 7364, 4165, 4165, 5435, 3736, 712, 6717, 2227, 712, 4629, 2653, 3701, 922, 1849, 712, 5910, 7473, 4248, 2321, 4923, 1670, 956, 2881, 4479, 4165, 7460, 1797, 438, 922, 6518, 334, 5995, 1797, 7364, 470, 2818, 1666, 5567, 5567, 712, 2355, 541, 3746, 5655, 2270, 712]
512161, [7137, 2315, 6803, 1668, 5910, 1174, 5676, 1083, 3401, 1913, 5939, 4481, 7248, 4144, 991, 2303, 5676, 5272, 2411, 4686, 1093, 2990, 6792, 5676, 3107, 5676, 1913, 7192, 4278, 2878, 2580, 2213, 5676, 2948, 1083, 5214, 2580, 4906, 2343, 682, 5066, 3107, 2228, 4729, 3763, 1083, 5068, 2104, 5570, 5676, 2607, 2948, 5676, 6315, 1532, 6792, 1626, 6446, 5558, 7902, 7806, 6840, 844, 2876, 2220, 3139, 3401, 5676, 1083, 7760, 7735, 5676, 5066, 1083, 2241, 4144, 2315, 1796, 711, 1083, 4520, 711, 67, 3401, 7137, 5676, 4740, 1626, 5165, 6012, 241, 5676, 2213, 4729, 5871, 4074, 5676, 1796, 1532, 3904, 7292, 5676, 3401, 6252, 6446, 6703, 1201, 7292, 3401, 6252, 4041, 3904, 216, 7192, 7717, 4964, 7387, 1083, 2963, 4046, 2963, 7752, 6315, 7338, 1796, 1083, 1083, 7735, 1796, 4074, 1083, 5676, 3401, 2658, 4161, 4044, 3762, 5135, 7798, 1796, 5676, 3401, 6841, 4686, 1093, 7784, 3107, 7190, 967, 4074, 1083, 2246, 2392, 5135, 5676, 7296, 1934, 3401, 1934, 7217, 1086, 470, 2315, 7387, 4460, 739, 2405, 2246, 1664, 1795, 1664, 500, 4729, 3401, 1796, 702, 2241, 4144, 4686, 1093, 2624, 4717, 2625, 2241, 4144, 7735]
13891325, [5197, 156, 2025, 3021, 7369, 7874, 5112, 909, 6892, 2270, 2948, 2245, 6597, 2451, 6266, 4950, 3727, 446, 6266, 7137, 7709, 6597, 2270, 6703, 5197, 2321, 1808, 5834, 4950, 2451]
1138873, [7137, 6828, 2370, 6076, 649, 2010, 443, 5060, 2644, 5792, 2879, 4091, 1157, 2948, 1743, 6882, 3976, 6153, 6581, 4704, 4408, 2082, 4139, 1651, 3347, 5146, 6311, 1018, 7387, 1679, 649, 2082, 4139, 2386, 7800, 4950, 649, 7651, 5112, 2451, 4408, 649, 7767, 5712, 1651, 682, 4718, 649, 2321, 513, 2624, 2990, 4144, 24, 7902, 4310, 5097, 5932, 4493, 7018, 4745, 649]
633832, [5110, 4310, 1934, 1040, 4103, 1657, 7816, 1732, 4984, 3666, 538, 5110, 2390, 1868, 3107, 4103, 5555, 4485, 5502, 2290, 1040, 5110, 1868, 3482, 5142, 6948, 5110, 5110, 393, 7806, 7816, 7137, 7387, 6597, 5486, 702, 1236, 7816, 5110, 4728, 5435, 5110, 7081, 3482, 5142, 3482, 5110, 1939, 3482, 3155, 3482, 4950, 3107, 1397, 6264, 3056, 4144, 5436, 4950, 702, 4041, 5110, 7503, 7081, 2317, 1436, 2972]
29393556, [3509, 4638, 150, 5438, 960, 1949, 1353, 5486, 5098, 4638, 1552, 960, 3523, 7137, 328, 2315, 87, 5135]
9522001, [183, 4927, 4041, 7137, 4729, 662, 2970, 5997, 1438, 727, 6803, 5663, 4380, 6855, 3437, 3500, 4698]
335298, [7192, 7874, 2182, 7294, 6828, 7814, 5551, 2641, 1526, 1068, 311, 438, 311, 3981, 704, 4667, 118, 7814, 311, 2465, 438, 1840, 5345, 7294, 4689, 956, 7752, 7814, 6252, 7294, 1027, 7294, 171, 2706, 171, 393, 7814, 1840, 662, 5112, 7367, 6521, 7814, 6823, 5366, 5592, 2206, 7328, 7814, 2641, 2972, 311, 438, 1436, 510, 2150, 7367, 1436, 7814, 6312, 3381, 2150, 7137, 2375, 4706, 7814, 7294, 7755, 6298, 7814, 1027, 1082, 3105, 907, 1027, 68, 2311, 4950, 1027, 393, 1027, 2150, 1082, 171, 7752, 2587, 171, 7342, 4728, 6312, 6579, 7901, 2451, 1201, 484, 7294, 1436, 5592, 2150, 5915, 7704, 2641, 7252, 4041, 7240, 4223, 7814, 2641, 2972, 2150, 4984, 171, 446, 7018, 7814, 7294, 2382, 1027, 311, 1027, 7294, 7755, 7814, 6252, 3381, 5436, 7252, 487, 1027, 7814, 5436, 1488, 3381, 1436, 311, 3381, 5436, 5436, 7018, 4077, 7814, 438, 3381, 4950, 7294, 7137, 7294, 3980, 1442, 171]
4836072, [3107, 4103, 2904, 447, 7064, 711, 7266, 5135, 6660, 2878, 4950, 1430, 3030, 2214, 7806, 6736, 5299, 613, 7902, 2049, 1410, 2049, 6314, 2905, 2705, 7816, 4280, 216, 5353, 7473, 7300, 4510, 5151, 5438, 6806, 7192, 4689, 3056, 5299, 2624, 487, 2107, 7132, 2270, 203, 5191, 6521, 7192, 1657, 5165, 1651, 2601, 1039, 4728, 1367, 5285, 704, 2049, 5516, 4802, 3899, 613, 2181, 1605, 2384, 5567, 500, 613, 3041, 2214, 7300, 118, 2049, 3041, 6044, 845, 7180, 4280, 2181, 6578, 245, 4114, 7460, 1551, 118, 2049, 2631, 5528, 2641, 7180, 7292, 3128, 2477, 7692, 3981, 2435, 7902, 4310, 2049, 5910, 5112, 2321, 6446, 4493, 2270, 3992, 2395, 7726, 269, 4408, 2049, 2321, 2049, 4964, 1657, 510, 1436, 586, 1962, 2205, 2049, 2641, 4408, 2435]
864614, [7137, 4729, 6365, 4711, 3947, 3947, 7137, 5441, 1155, 7192, 7902, 7807, 1436, 4711, 7293, 7157, 5433, 7248, 7441, 393, 2451, 7816, 2231, 6446, 484, 393, 4711, 5871, 541, 7328, 1488, 5289, 393, 1651, 5931, 5583, 4493, 6883, 4512, 500, 5289, 7902, 7806, 4493, 4310, 1735, 1201, 4041, 4493, 6360, 2246, 2962, 4493, 4995, 7902, 4310, 4493, 6053, 7816, 1066, 7080, 2878, 2382, 5545, 7460, 1840, 1436, 5931, 5583, 4718, 7081, 6690, 5097, 4675, 7180, 3981, 228, 578, 7137, 4729, 6521, 2220, 6365, 177, 446, 682, 1651, 196, 7018, 7217, 7688, 6722, 177, 393, 6446, 6822, 6585, 4161, 6859, 2207, 1833, 2231, 6446, 4146, 4408, 4310, 3992, 2093, 1734, 1086, 6883, 6315, 7733, 1685, 6112, 6446, 6822, 1397, 2451, 118, 5289, 4408, 6360, 6515, 5438, 2962, 186, 4408, 228, 284, 7192, 2451, 2819, 3046, 4995, 7192, 1286, 5135, 2181, 5910, 2972, 4041, 2878, 5285, 4958, 446, 6883, 2878, 2333, 7704, 4280, 4493, 1651, 4017, 7704, 6312, 6053, 6521, 393, 5135, 2181, 196, 3212, 542, 6264, 6053, 7081, 196, 3163, 500, 4668, 2321, 2231, 1833, 1436, 6660, 4328, 4512, 2245, 2321, 7823, 7464, 3981, 2381, 6379, 1657, 1988, 7717, 2220, 484, 7748]
77223, [7268, 4077, 4103, 7726, 4378, 7268, 5907, 4378, 1018, 269, 7826, 4400, 7268, 6308, 1840, 3335, 7268, 5435, 4378, 4773, 7752, 4400, 7651, 2105, 4378, 3166, 7268, 118, 7387, 4146, 2181, 7268, 4280, 4493, 5372, 1542, 5112, 7268, 2375, 5146, 1444, 4773, 7268, 7081, 4378, 2878, 4378, 2228, 7253, 5486, 7137, 4964, 1657, 1282, 3153, 4378, 4280, 6379, 1466, 7752, 2118, 7268, 4378, 4378, 6340, 1670, 4773, 5131, 1657, 2207, 4400, 7268, 6252, 7081, 5486, 2941, 3736, 7268, 6828, 446, 7798, 4400, 697, 484, 7268, 4675, 3947, 5915, 484, 1111, 7268, 4130, 1111, 4400, 2465, 6828, 7342, 4400, 3981, 7268, 6703, 7268, 3992, 7473, 7268, 5146, 5486, 5098, 5872, 4378, 6446, 3701, 2118, 7423, 2920, 3701, 5910, 5486, 6807, 7268, 1840, 3701, 7752, 7419, 3701, 7018, 4378]
1195757, [7235, 3212, 5605, 2382, 3128, 5285, 4328]
4022937, [7137, 2315, 6690, 7065, 3946, 2270, 2838, 5135, 704, 1804, 5156, 3981, 7293, 7755]
4592959, [5441, 7137, 2315, 5141, 909, 2922, 6266, 2581, 702, 7820, 7705, 3056, 7137, 441, 6252, 227, 4310, 7902, 4512, 4728, 441, 7137, 7902, 664, 7300, 68, 2311, 7705, 7141, 7300, 5098, 7081, 2187, 2641, 6671, 7300, 4074, 4367, 909, 7253, 2641, 7137, 4950, 6671, 446, 7300, 6671, 5676, 5711, 5135, 2723, 3736, 4950, 5829, 177, 5135, 4950, 6671, 7137, 4950, 6671, 7439, 1448, 6671, 7137, 7902, 6671, 2321, 4668, 7157, 6578, 4512, 7387, 1657, 5135, 4090, 6685, 1988, 5910, 7137, 7902, 6671, 2381, 7902, 6671, 7439, 4984, 4728, 5201, 1088, 7340, 470, 1735, 7081, 3072, 1107, 2878, 4041, 7752, 7340, 446, 4706, 7439, 6952, 586, 6671, 5438, 2311, 1988, 7137, 7902, 6671, 6521, 6559, 2705, 6846, 5135, 6061, 3141, 6681, 6671, 7704, 3981, 2100, 6315, 7752, 2317, 1436, 4512, 2311, 2587, 7147, 6671, 3736, 922, 4512, 5146, 2311, 2100, 402, 7137, 6671, 5831, 4728, 7157, 5060, 7684, 7137, 2100, 2445, 6671, 1436, 6061, 7292, 2580, 2963, 2328, 2100, 5314, 6379, 6671, 1804, 7137, 2580, 7473, 2739, 2328, 2100, 7137, 2100, 6892, 2705, 4129, 6882, 2118, 702, 7137, 2580, 6305, 3954, 500, 2705, 2118, 2445, 7419, 2963, 5146, 5151, 7137, 4512, 6305, 5910, 7137, 7704, 446, 7137, 4512, 3992, 5151, 5551, 290, 2375, 6315, 5098, 446, 5146, 4512, 7137, 4512, 6805, 1988, 7157, 2880, 5910, 4964, 1657, 702, 7705, 7705, 2559, 7157, 3174, 6736, 7157, 4927, 7705, 6894, 2304, 3745, 4610, 4017, 2311, 3212, 2317, 2641, 6312, 2451, 7823, 1930, 6807, 7160, 2339, 4512, 2321, 589, 7717, 5213, 5942, 2380, 5057, 4017, 6630, 5942, 7464, 2215, 2386, 5314, 6312, 922, 6061, 5314, 5910, 5314, 1725, 2321, 7217, 444, 7217, 5314, 7019, 7706, 54, 5029, 2183, 5910, 5910, 2321, 5314, 7018, 7328, 586, 2972, 2321, 4718, 7137, 5350, 7293, 3076, 2818, 2878, 7651, 2321, 3983, 369, 1367, 7705, 5910, 4512, 6305, 6952, 5112, 5314, 484, 1666, 5915, 6822, 5314, 4114, 3630, 2321, 3630, 7823, 6657, 5314, 1107, 3630, 2304, 7190, 5436, 369, 3736, 3630, 5314, 3076, 1483, 1107, 2304, 5314, 3107, 2317, 6264, 5314, 586, 2878, 5304, 7902, 6671, 438, 2290, 5304, 702, 4729, 2878, 6312, 1026, 763, 5314, 6798, 2587, 4114, 6518, 3736, 2100, 6649]
77598, [908, 256, 5412, 3425, 5966, 2355, 6635, 5436, 4964, 2311, 4950, 1356, 1532, 1042, 6379, 2948, 6720, 5898, 322, 3425, 6952, 3425, 4733, 3457, 6578, 861, 3425, 7018, 4955, 1666, 4733, 3457, 861, 6685, 4046, 3152, 3425, 6822, 3425, 6683, 2658, 5394, 7704, 1483, 907, 1086, 3425, 3666, 861, 2321, 2855, 5417, 4733, 3457, 2321, 369, 2228, 3425, 4316, 3498, 6309, 7268, 3434, 2074, 1939, 3425, 5874, 7018, 4041, 7443, 5135, 6312, 4773, 4629, 4092, 1651, 2318, 874, 861, 7137, 514, 1483, 6312, 2186, 2315, 6309, 6312, 2880, 470, 3425, 5862, 2878, 4629, 4092, 4675, 7722, 7300, 1174, 4733, 3457, 5910, 3425, 1735, 4950, 1174, 2818, 7722, 3425, 7217, 4629, 4092, 861, 7784, 2311, 586, 2880, 5135, 5686, 3425, 4774, 861, 7081, 1741, 4738, 6309, 445, 470, 4774, 3425, 2328, 5112, 1551, 4316, 2941, 4733, 3457, 5915, 3425, 1736, 4774, 4077, 4041, 7823, 7217, 3425]
31705653, [1603, 2390, 5582, 908, 5907, 907, 2724, 5064, 6266, 3297, 1603, 4950, 6859, 4452, 4584, 5841, 4950, 6266, 7755, 4452, 3980, 907, 6798, 5135, 6266, 907, 1603]
7153927, [2375, 2182, 5621, 4438, 5934, 445, 4773, 1918, 600, 1918, 3363, 4950, 1833, 3158, 5899, 5585, 5934, 6963, 6828, 6882, 5552, 6703, 3363, 5910, 675, 7192, 2941, 5621, 2392, 5934, 2321, 835, 6685, 2818, 5934, 835, 1713, 6963, 7651, 3959, 2451, 7419, 5934, 7735, 3363, 2941, 6703, 5621, 7419, 7752, 5934, 5910, 5112, 510, 6805, 1450, 2321, 5621, 6607, 3363, 6963, 702, 586, 1450, 5934, 2321, 3959, 2392, 5934, 6963, 3363, 3981, 5621, 2103, 3363, 7018, 5135, 5621, 1734, 5934, 6963, 2641, 5934, 3363, 6852, 3363, 5934, 5621, 4728, 2382, 586, 6061, 3363, 2241, 1670, 5934, 6963, 5621, 6521, 2103, 2150, 2866, 4108, 7820]
3952475, [6493, 1520, 2624, 2941, 5686, 6521, 3004, 2905, 6521, 7772, 6883, 6883, 662, 1393, 5601, 6446, 3980, 2375, 6493, 6805, 2315, 1605, 4077, 118, 2328, 5805, 1605, 510, 1488, 4728, 1278, 118, 4728, 5132, 446, 6798, 935, 1356, 804, 470, 510, 4675, 3244, 6312, 5098, 2878, 5892, 1278, 4960, 2878, 1444, 6061, 5898, 470, 510, 6252, 6493, 227, 2241, 4675, 5848, 118, 5848, 7371, 1878, 3244, 4675, 4927, 7776, 4041, 6446, 7387, 5285, 6493, 4328, 1808, 3163, 2317, 6986, 5142, 118, 7692, 5846, 5098, 4316, 4950, 5686, 7153, 2878, 142, 6521, 2328, 5578, 1436, 5098, 5686, 6807, 6493, 4950, 5686, 5361, 176, 2382, 2321, 6493, 1488, 6521, 6493, 5135, 5833, 1393, 1868, 6446, 5874, 5510, 5686, 1868, 6493, 3244, 4960, 5892, 6685, 7806, 5831, 4041, 7371, 1878, 1868, 241, 1436, 2587, 586, 2948, 510, 2241, 6515, 6493, 3244, 4280, 4144, 3244, 1761, 7342, 5606, 6828, 6493, 2321, 6828, 241, 329, 7387, 7248, 6493, 2317, 2186, 142, 5833, 1868, 3981, 6521, 216, 4072, 7704, 586, 6683, 6521, 7081, 2186, 4072, 7704, 1868, 6493, 586, 3244, 6521, 935, 1488, 7018, 586, 7752, 2880, 3244, 7081, 6446, 586, 5686, 6521, 7704, 6493]
3136201, [3107, 3215, 6822, 2227, 4108, 7705, 4038, 3215, 7137, 2404, 5995, 2559, 2680, 4038, 1464, 6671, 5998, 5127, 3976, 7064, 1444, 7705, 7808, 4038, 3215, 441, 7473, 1726, 2333, 7217, 7137, 3215, 1444, 3736, 5572, 7705, 2795, 704, 638, 1734, 6892, 2883, 4129, 5871, 1734, 1483, 2311, 4316, 3666, 3215, 7874, 3964, 7705, 3036, 5942, 7473, 1734, 4651, 3107, 5135, 6264, 3736, 7902, 5098, 3155, 3215, 2343, 5910, 3209, 3736, 1082, 6671, 2311, 4786, 7705, 3107, 1082, 2948, 3967, 6806, 6578, 3215, 3155, 5572, 7705, 7137, 3490, 2315, 2207]
506119, [1086, 631, 3244, 7395, 4411, 3607, 2382, 1083, 3683, 7760, 909, 858, 5997, 7018, 5433, 1744, 445, 4144]
