2462689, [7603, 5406, 2450, 5221, 2431, 7799, 6991, 5221, 2431, 5221, 5634, 5210, 2338, 4923, 3112, 5983, 5487, 5221, 5729, 1921, 3330, 4300, 67, 1605, 5162, 5779, 5210, 5779, 5572, 7841, 5731, 2467, 5983, 547, 3331, 6128, 4253, 2305, 7125, 5221, 5425, 3937, 4977, 4447, 253, 2445, 7731, 5634]
1335380, [2445, 699, 2301, 2301, 7142, 1128, 7541, 1967, 8290, 2781, 6619, 2396, 6674, 8081, 7360, 4994, 7359, 8290, 5210, 4248, 7791, 959, 3043, 68, 7447, 4182, 473, 6662, 7002, 5864, 55, 699, 6634, 6843, 7002, 6687, 8210, 8099, 7988, 5179, 4250, 1014, 5731, 3937, 5862, 2743, 1360, 7648, 4672, 5459, 5210, 4363, 2665, 907, 2513, 4953, 1749, 907, 7988, 907, 1065, 7598, 5406, 7598, 1763, 4248, 4977, 2235]
1480747, [5731, 1763, 68, 2798, 6585, 7753, 2600, 5210, 7198, 620, 7359, 518, 4923, 4923, 2656, 7753, 2943, 4507, 4732, 2743, 4189, 5531, 2358, 1443, 8185, 7198, 8205, 6633, 2743, 4224, 7034, 5646, 5406, 1749, 7126, 1946, 737, 7126, 2743, 574, 2798, 3181, 472, 6633, 5572, 5775, 1204, 5775, 473, 3331, 620, 8099, 4953, 1454, 6177, 4923, 4447, 3167, 5225, 1749, 1611, 3045, 7832, 2817, 8205, 5775]
15224586, [2445, 2514, 3274, 2513, 1128, 6919, 2028, 7753, 2711, 620, 4363, 2529, 4640, 6627]
8471210, [8261, 5382, 959, 8191, 4967, 4967, 2743, 3043, 3328, 5406, 5775, 396, 5412, 888, 5775, 2396, 5122, 5122, 553, 4287, 574, 5122, 2033, 888, 6150, 5225, 6582, 2781, 7648, 7887, 4753, 4253, 2753, 620, 7887, 2781, 2753, 3939, 2445, 5841, 620, 4248, 7160]
1925869, [2445, 2505, 7344, 8148, 6140, 6175, 5864, 4538, 396, 5406, 1432, 7434, 7021, 4198, 1694, 2943, 6908, 7753, 4248, 3219, 2473, 6126, 4187, 7173, 2384, 7542, 2521, 8099, 2521, 4276, 396, 2881, 7542, 3937, 2711, 959, 2396, 6843, 4538, 4583, 8263, 3045, 4300, 6468, 6911, 7359, 620, 2384]
2408359, [7421, 3043, 4832, 472, 1571, 5352, 6704, 7647]
10016997, [2385, 7021, 2433, 2385, 7359, 7729, 6129, 4923, 5487, 2040, 6913, 2512, 2807, 2615, 7072, 4823, 5972, 5972]
6167400, [2445, 2445, 6102, 725, 2018, 8290, 4753, 8171, 485, 2043, 8290, 4753, 1012, 472, 8290]
17711304, [2529, 1749, 2441, 6989, 1607, 1749, 7598, 929, 469, 6619, 742, 1825, 2083, 2440, 5225, 1749, 5419, 8081, 6223, 6630, 7791, 472, 5841, 469, 67, 4732, 2234, 1702, 6633, 1749, 2467, 7454, 5210, 7091, 1432, 253, 5406, 7279, 243, 5419, 7091, 5367, 3519, 2798, 7078, 5406, 4753, 2743, 473, 4967]
529276, [6787, 3079, 6755, 3047, 2406, 6755, 4287, 7021, 5775, 1809, 4304, 1753, 2863, 8138, 6755, 8095, 1571, 6755, 2798, 7021, 2476, 1148, 5700, 244, 4624, 860, 5406, 6755, 5954, 6755, 5353, 6755, 5893, 6755, 6755, 7174, 6755, 5225, 1749, 1307, 6755, 7034, 4967, 4967, 7729, 4329, 6755, 5724, 8095, 6755, 5724, 7832, 6755, 8095, 6251, 1007, 6755, 7828, 6614]
226664, [3332, 2788, 5210, 4248, 5452, 7428, 2538, 1360, 1358, 7034, 3311, 2538, 1358, 6965, 959, 6172, 4248, 6053, 8290, 5367, 1147, 6687, 2677, 4327, 888, 4972, 3145, 244, 7362, 620, 7359, 6465, 1607, 4319, 7428, 3044, 2086, 8107, 8107, 3145, 6990, 5359, 2371, 620, 2451, 4994, 2028, 6847, 7753, 5406, 5406, 6965, 7271, 1749, 2445]
7675415, [8290, 2781, 5724, 4287, 6309, 8290, 2781, 2396, 2781, 1852]
3470969, [5634, 4187, 7785, 8181, 5883, 5406, 4497, 5334, 8060, 1612, 543, 5021, 1828, 4447, 3043, 7429, 4967, 1495, 2300, 256, 2396, 6131, 5021, 1293, 7881, 242, 3274, 1204, 7753, 2440, 5183, 3937, 4151, 3185, 8263, 4447, 8181, 2301, 7141, 8181, 1828, 7598, 5406, 2467, 2445]
4016437, [4977, 1012, 4758, 3260, 7655, 2521, 4507, 2521, 5406, 7753, 1360, 1128, 1360, 7021, 1360]
17060199, [4815, 4287, 6965, 4967, 6149, 6139, 5413, 5382, 1247, 7179, 5582, 396, 4538, 3145, 4248, 4499, 7843, 2441, 791, 8205, 5572, 4447, 1515, 620, 5247, 5367, 5572, 4967, 5572, 243, 8094, 1694, 396, 8191, 1023, 3145, 6102, 2371, 4967, 1023, 6704, 3215, 4499, 6704, 1969, 4507, 4363, 553, 1432, 4363, 420, 3274, 420, 396, 6704, 719, 243, 5183, 5862]
1788654, [2445, 1721, 6102, 5420, 4248, 5367, 5225, 1749, 5490, 4718, 2474, 1275, 2474, 2439, 7735, 4153, 6704, 5247, 5367, 6634, 1801, 2206, 6704, 5247, 5225, 1749, 5367, 5061, 5247, 71, 71, 5775, 5775, 473, 5021, 699, 2455, 1801, 1012, 4198, 3328, 4366, 2302, 4284, 1570]
3662683, [4953, 6127, 5221, 2467, 2541, 8263, 6128, 8207, 8099, 4967, 2881, 71, 2445, 7449, 5034, 7828, 2338, 2371, 3331, 4544]
473286, [517, 8213, 4288, 4363, 2467, 134, 7191, 482, 6309, 4248]
6575053, [1778, 5355, 7143, 1622, 4476, 7279, 4834, 8263, 5382, 4624, 5878, 3331, 5412, 4349, 5768, 6965, 7214, 5055, 2743, 7143, 7647, 5181, 4758, 4447, 1515, 7016, 5406, 5768, 3045, 8185, 2268, 5768, 8095, 7279, 6126, 4248, 8095]
2209027, [4366, 6717, 5359, 2445, 7126, 6704, 6582, 7169, 7956, 4253, 3047, 4248, 4151, 8061, 4248, 2743, 6211, 2441, 3185, 5686, 3185, 6216, 2743, 472, 5210, 4923, 4300, 8205, 5406, 1749, 67, 8138, 1191, 1749, 7828, 7362, 5326, 396, 929, 5406, 2201, 3185, 1307, 7454, 2455, 617, 1967, 3145, 5406, 1749, 4723, 5531, 5406, 2201, 3145, 5225, 1749, 1947, 4758, 2798, 3145, 5406, 1749, 888, 2341, 5406, 2201, 4757, 2300, 1967, 2040, 1967, 1968, 1967, 2743, 3925, 5219, 7014, 929, 7789, 8207, 472, 7169, 4363, 1763, 3145, 1361, 1749, 2467, 6717, 4977, 5225, 929, 3046, 8042, 2982, 7598, 6965, 7841]
4154028, [4797, 8191, 7403, 5367, 2134, 4173, 3222, 2076, 5332, 6794, 3222, 3185, 8042, 4224, 7359, 4923, 5646, 8214, 4224, 4923, 8184, 5225, 7542, 8109, 3351, 3145, 7221, 6223, 3260, 4253, 7841, 4831, 5225, 1749, 666, 396, 1763, 1171, 907, 5247, 1515, 6954, 5225, 4953, 5296, 1515, 907, 8042, 1515, 7160, 907, 7052, 7662, 1721, 4288, 1721, 4330, 4507, 7662, 2234, 8207, 7142, 1073, 907, 6949, 7648, 4923, 3045, 5452, 1073, 907, 620, 907, 8068, 7647, 1515, 3185, 7191, 8068, 3043, 2807, 2474, 3185, 620, 420, 6954, 2234, 420, 3937, 2748, 5406, 2234, 1763, 1763, 4719, 5225, 3046, 5326, 907, 742, 8069, 3185, 7169, 5034, 7199, 5225, 1749, 7169, 4187, 3185, 7662, 396, 875, 1191, 1763, 7753, 2677, 5225, 1749, 5570, 4330, 472, 3185, 1837, 3274, 620, 7054, 7540, 5406, 2963, 8069, 1628, 6582, 6223, 2302, 2788]
770277, [2445, 8290, 2781, 5549, 5724, 1619, 4583, 4538, 4247, 6941, 5775, 5368, 5866, 2268, 1432, 1446, 8068, 5181, 5866, 6843, 5866, 1612, 888, 888, 2033, 8103, 4967, 1749, 4329, 5316, 2371, 2371, 7671, 5368, 6582, 5368, 5368, 2371, 1524, 300, 574, 7828, 7671, 5368, 574, 4583, 1753, 8185, 8095, 6204, 7489, 3090, 7876, 3090, 7876, 5634, 7489, 4366, 5775, 2529, 4329, 4329, 7671, 7489, 4704, 742, 4583, 5316, 7489, 7671, 5319, 473, 4953, 938, 5954, 1143, 5864, 6634, 2837, 7021, 3173]
32558509, [1177, 7809, 7198, 1177, 4329, 5775, 5367, 7841, 5881, 1103, 5775, 1144, 1012, 7359, 1694, 2881, 1749, 7143, 3939, 3939, 5406, 8099, 5406, 3939, 574, 907, 8042, 8042, 4103, 7810, 5332, 8042, 1177, 1099, 8094, 1753, 5332, 875, 2676, 3939, 2743, 2440, 1835, 3939, 7900, 3939, 1144, 3939, 6251, 3043, 4511, 5775]
19332675, [2445, 5138, 1594, 5775, 1835, 472, 2743, 2300, 5634, 791, 5225, 6198, 8103, 8138, 8191, 4182, 7179, 4538, 4329, 1749, 3329, 3979, 8192, 4329, 4329, 1763, 875, 2043, 1763, 7542, 7956, 7542, 6216, 7542, 1938, 2788, 1177, 1749, 7234, 7359, 7429, 7709, 2743, 3322, 1828, 2306, 7160, 260, 5452, 5775, 2445]
19755481, [2445, 420, 8191, 5382, 4538, 907, 420, 6634, 4538, 8094, 7014, 4538, 8094, 4538, 8094, 6351, 574, 7785, 6966, 1531, 482, 5570, 420, 4287, 885, 7753, 4753, 420, 5570, 1628, 5862, 6139, 3331, 547, 4538, 1938, 907, 1077, 7691, 5225, 4953, 243, 1630, 1531, 420, 7021, 2467, 7169, 5406, 4753, 5332, 67, 7179, 5775, 1144, 7144, 5452, 2781, 4287, 5487, 1607, 2807, 420, 8185, 5225, 6627, 1629, 2513, 5954, 7183, 7132, 7542, 1630, 1828, 5565, 1629, 5731, 3322, 2462, 5413, 5412, 5412, 7675, 3328, 7647, 4511, 7785, 67, 2076, 7843, 67, 1473, 7789, 7054, 5775, 6582, 5775, 1172, 5452, 420, 5775, 2234, 6634, 742]
2311219, [2445, 2301, 3940, 2837, 2341, 2341, 2028, 132, 7092, 2788, 3145, 2837, 7092, 2788, 7409, 2541, 4753, 2529, 7409, 6687, 7652, 3310, 2881, 2467, 1005, 4288, 5769, 2881, 2514, 420, 3669, 3342, 6627, 5332, 5898, 7828, 7409, 5225, 5225, 242, 3937, 5217, 1607, 5225, 2881, 4732, 44, 7841, 2378, 6223, 7409, 3311, 7542, 4224, 7709, 5416, 7409, 4732, 2881, 7002, 3937, 7542, 7409, 420, 5247, 2541, 4751, 420, 3185, 2234, 2905, 2028, 7092, 4751, 2881, 2881, 5225, 1281, 2521, 7359, 4544, 1943, 5210, 3145, 1358, 2204, 132, 2371, 243, 2450, 6582, 5416, 6216, 4151, 6582, 67, 6582, 4753]
18563253, [5731, 5325, 620, 5634, 574, 2529, 2743]
5733324, [2656, 2371, 4538, 4288, 617, 5680, 8103, 6980, 7223, 1806, 8099, 4287, 2300, 8107, 2217, 8185, 791, 2040, 8107, 8185, 8107, 5247, 2306, 7598, 798, 4507, 2798, 4923, 1806, 3331, 4198, 8261, 2371, 44, 7540, 1763, 7540, 4923, 6239, 2371, 1454, 4288, 2816, 5247, 4753, 737]
4995581, [7603, 5139, 2445, 7169, 2549, 5775, 907, 6627, 3222, 2445, 6843, 5775, 4190, 5022, 6211, 2801, 2371, 791, 8061, 1749, 5210, 6211, 5883, 1523, 2378, 2235, 2531, 8103, 6988, 7133, 1077, 7480, 3185, 2445]
2257358, [4287, 6919, 3222, 1749, 1569, 959, 2443, 1204, 2418, 7360, 620, 5864, 2098, 6239, 5727, 725, 7419, 2781, 4173, 5055, 2718, 5406, 2863, 7360, 4253, 2718, 4198, 4583, 8263, 1838, 4753, 4753, 260, 2816, 2535, 7843, 3185, 2807, 2302, 2033, 620, 4153, 5382, 2215, 5382, 4538, 8060, 5775, 2076, 4363, 574, 4538, 7360, 3145, 620]
5239234, [2600, 152, 7828, 3046, 5382, 1619, 7293, 2371, 4751, 6919, 2396, 6965, 7988, 6843, 6701, 1483, 1177, 1142, 2043, 1149, 5724, 7429, 2396, 6216, 5724, 3937, 2371, 2305, 7988, 2541, 1753, 152, 7014, 7409, 6378, 6843, 1483, 2352, 1149, 5724, 4190, 1149, 5724, 3050, 5724, 3573, 3573, 3706, 7362, 742, 7293, 2788, 7603, 3158]
1330432, [1391, 4898, 4640, 617, 2743, 5835, 2054, 260, 8099, 617, 959, 1358, 3095, 3335, 5352, 4185, 4967, 5566, 7138, 2467, 887, 244, 74, 6954, 7429, 1358, 2300, 4224, 2798, 2385, 5640, 1358, 8261, 1360, 4732, 7650]
6369452, [1757, 1953, 5549, 8107, 6143, 6634, 2467, 8263, 7753, 8107, 6143, 5225, 1753, 4363, 7598, 5218, 4447, 5898, 6905, 5332, 5406, 5549, 1247, 7598, 6223, 5549]
5283066, [2445, 2514, 7169, 7191, 8290, 4538, 4507, 4732, 7221, 1749, 1857, 7091, 2511, 3352, 6625, 2384, 8080, 3043, 7360, 8146, 8171, 5646, 620, 4366, 3185, 8109, 2443, 5021, 4349, 6152, 355, 1663, 2302, 907, 8060, 1070, 2600, 2982, 4248, 3185, 4507, 8205, 3185, 4252, 5406]
2274938, [5021, 3238, 3043, 8263, 2881, 7421, 6687, 5210, 1128, 3043, 7169, 5406, 2600, 7133, 5225, 6687, 3043, 3937, 4366, 6704, 1607, 2807, 8099, 3352, 6251, 6717, 4967, 3043, 7630, 5334, 907, 6140, 907, 4322, 429, 3043, 3937, 1972, 8077, 7160, 4187, 4331, 7792, 2450, 6843, 3043, 6847]
3147170, [2445, 2514, 5727, 8184, 5727, 1177, 4583, 5412, 6628, 7490, 5841, 5727, 1186, 4751, 2354, 7138, 71, 4182, 4103, 6627, 196, 1287, 71, 8205, 742, 6583, 2445, 2450, 2033, 5413, 5247, 1186, 7160, 2743, 7510, 6251, 5646, 621, 3520, 5658, 7828, 8099, 1186, 1281, 621]
22829, [2445, 2445, 2445, 70, 8290, 1607, 1144, 1619, 2521, 1694, 805, 7900, 4977, 1514, 3330, 1287]
1307956, [5406, 4182, 73, 1749, 2368, 1288, 7126, 4170, 5862, 6216, 5843, 4300, 8191, 7126, 4753, 5729, 6991, 8263, 5034, 7828, 3947, 1478, 3043, 1287, 74, 7366, 7490, 7138]
1871096, [7510, 6266, 3928, 1012, 6965, 3928, 6224, 719, 7034, 251, 2467, 7133, 2743, 6224, 1012, 4187, 872, 1826, 6634, 7956, 5722, 4511, 5412, 1204, 2268, 1628, 5775, 6662, 7125, 6585, 3937, 5983, 5722, 5247, 7125, 5247, 3316, 7630, 2445, 5183, 4151, 6627, 720, 3045, 620]
797330, [7799, 1013, 737, 4300, 737, 737, 7603, 7359, 3331, 5844, 1013, 2788, 2309, 6630, 7359, 8207, 2043, 737, 5035, 737, 7797, 2529, 6140, 5055, 1429, 2788, 2615, 5382, 5021, 1013, 5021, 2396, 3684, 3326, 300, 7454, 1013, 2467, 4287, 737, 1763, 737]
7977406, [2445, 6687, 3145, 4441, 6593, 134, 620, 3215, 620, 7454, 8095, 5876, 2325, 396, 7454, 5876]
33431914, [2445, 6847, 4831, 5634, 2512, 3342, 5634, 256, 4363, 5219, 515, 3937, 1429, 4507, 8184, 6251, 4248, 4507, 1969, 4831]
5981203, [2445, 7603, 7753, 8193, 8290, 4538, 6585]
8204853, [2445, 6687, 6965, 7648, 1023, 6683, 3939, 2467, 1749, 7785, 7132, 4507, 5775, 885, 4538, 70, 3185, 5452, 3185, 7753, 885, 2687, 7143, 6926, 6251, 5225, 574, 3185, 907, 5452, 5181, 620, 3328, 3185, 7828, 2455, 4187, 6843, 888, 5179, 2467, 6843, 3043, 4187, 3185, 6582, 1628, 4198, 5727, 740, 1360, 2798, 620, 3328, 6843, 2807, 4732, 3185, 6131, 4198, 4831, 5776, 3043, 5416, 1144, 2743, 4329, 907, 7753, 5775, 5406, 1809, 1809, 1144, 7169, 7542, 7360, 7143, 7069, 132, 8060, 2391, 4538, 7542, 242, 907, 3274, 7598, 2306, 4198, 243, 3185, 1014, 7069, 132, 2513, 355, 2391, 132, 1204, 132, 132, 5022, 4753, 6965, 4099, 3095, 4507, 2206, 4507, 1809, 3222, 360, 3145, 929, 5367, 2027, 1979, 5225, 6701, 4923, 574, 5406, 5382, 4538, 5382, 4538, 620, 7016, 5382, 4538, 620, 7704, 574]
204774, [8261, 7753, 4753, 5406, 7126, 3947, 2234, 2943, 8042, 5219, 132, 2627, 888, 6997, 2781, 959, 6251, 2305, 2981, 961, 547, 725, 907, 2743, 7668, 8099, 3145, 7078, 617, 25, 7179, 617, 7657, 5414, 7359, 7126, 105, 4363, 6706, 6217, 4893, 4753, 2743, 4753, 243, 2586, 2365, 2024, 4103, 1432, 4363, 6634, 4248, 2788, 1247, 1521, 1007, 3047, 68, 7792, 2445, 620, 2467, 6582, 6905, 8194]
4268056, [8263, 5382, 959, 1128, 4248, 3670, 3314, 749, 1938, 4967, 3670, 2406, 4319, 7900, 5634, 1128, 4187, 2798, 7359, 2798, 5316, 1605, 1128, 4248, 5406, 4349, 8207, 3670, 7540, 5634, 5634, 5412, 5634, 7709, 4967]
265033, [2881, 1629, 222, 4190, 5731, 1288, 4507, 2358, 5557, 6839, 222, 2586, 6216, 7366, 7785, 1288, 7095, 472, 4253, 5406, 740, 3316, 5406, 5406, 4198, 4187, 6839, 5406, 2438, 7409, 4151, 6627, 7409, 2586, 4944, 2510, 7729, 7729, 4187, 2798, 3145]
305909, [7630, 7138, 3669, 7542, 2577, 2396, 1013, 1479, 7138, 5225, 4670, 1749, 7022, 2234, 8042, 2514, 396, 4732, 5181, 244, 742, 6701, 5779, 7034, 3145, 4151, 4329, 5731, 1529, 2513, 1529, 749, 7603, 3328, 1529, 4757, 6126, 5034, 2440, 4916, 1529, 7729, 5731, 8263, 3937, 4329, 2305, 2591, 152, 2365, 473, 2445, 5061, 7021, 253, 2467, 4329]
106352, [2445, 7169, 8290, 8191, 4248, 2656, 1077, 6216, 3222, 4198, 742, 4327, 2445]
45772, [3345, 6966, 957, 6755, 4288, 6174, 7810, 4252, 2440, 5882, 6102, 6968, 2440, 7657, 260, 1557, 8099, 3314, 2816, 5880, 5247, 2440, 719, 2798, 5406, 2440, 5006, 2026, 547, 2807, 8153, 5882, 958, 6633, 2440, 4363, 5406, 396, 2440]
600008, [6139, 726, 6585, 3112, 726, 8107, 7362, 1749, 474, 2880, 8146, 8146, 1321, 7362, 8131, 4967, 1358, 5406, 7142, 4967, 8193, 4937, 2371, 3222, 2333, 2467, 1358, 2371, 907, 617, 959, 6701, 4937, 6847, 6885, 2467, 2541, 4937, 2513, 8193, 617, 4953, 396, 4248]
3709021, [7671, 659, 2029, 4173, 659, 961, 4187, 5215, 4173, 620, 7648, 244, 8099, 961, 2529, 7648, 7737, 8263]
6215073, [8290, 3095, 5406, 4151, 6204, 2529, 8081, 1432, 7542, 3043, 1432, 1622, 2798, 2807, 620, 7841, 4967, 8011, 5972, 4187, 5210, 69, 7142, 7034, 6905, 6129, 1432, 6633, 5183, 6843, 4497, 8011, 3050, 2054, 3050, 2234, 2450, 2445, 2743, 260, 1247, 2627, 2441, 1360, 7707, 5210, 5972, 4538]
101523, [1514, 929, 699, 78, 2445, 7753, 5406, 2445, 5565, 1514, 2529, 4185, 4977, 4977, 2378, 7753, 6687, 4977, 4447, 3268, 4923, 8099, 2881, 2541, 8193, 5406, 4538, 6223, 5593, 6273, 1891, 5181, 7887, 2743, 8193, 5406, 6971, 1473, 7753, 5210, 1891, 6687, 187, 1892, 2807, 360, 7359, 5452, 6634, 5775, 474, 7887, 6582, 1891, 5332, 360, 360, 6148, 2323, 4511, 73, 5727, 5225, 1288, 2521, 7126, 1930, 5729, 7362, 6582, 6582, 4994, 6131, 7753, 7841, 244, 3574]
12494128, [7952, 620, 5332, 8263, 1142, 3222, 6132, 8081, 7753, 4753, 1523]
6902699, [6465, 1077, 3145, 1077, 2358, 4923, 2396, 1077, 4182, 1443, 5835, 2798, 7360, 546, 1077, 4248, 574, 7598, 2357, 1077, 5406, 5247, 2982]
2870583, [2883, 1524, 2600, 5795, 5034, 3047, 959, 4977, 791, 3925, 6585, 2807, 2396, 4977, 1619, 2445, 6911, 4190, 6638]
1376896, [7169, 4287, 4288, 4330, 2816, 4248, 5953, 7648, 7021, 6956, 1078, 7729, 7648]
4370892, [561, 3173, 7702, 4538, 6140, 6674, 7021, 8185, 553, 7630, 2306, 8261, 6905, 929, 5899, 396, 5899, 699, 3331, 396, 3173, 7169, 4994, 7213, 8099, 7016, 7174, 7510, 5179, 3043, 5406, 1749, 543, 1358, 4349, 7021, 4187, 3185, 4288, 2357, 3937, 8210, 3331, 7360, 5866, 2076, 2406, 7021, 620, 3185, 720, 4248]
3036635, [4363, 5210, 1826, 1972, 1972, 1972, 791, 620]
5549799, [8290, 959, 5406, 5247, 1430, 5225, 1749, 6585, 6585, 5225, 1749, 3145, 2512, 2600, 1430, 5646, 7062, 8263, 5898, 6173, 4640, 5835, 2467, 1358, 6634, 617, 941, 4507, 3145, 1763, 7021, 8107, 1012, 1359, 3145, 2282, 2371, 2798, 1012, 4979, 4253, 2396, 4979, 7541, 4817, 574, 3050, 3047, 4151, 7691, 3145, 2798, 3047, 7034, 7021, 5727, 1144, 1102, 1359, 2406, 6249, 8290, 4224, 2798, 4288, 1968, 7595, 2450, 4248, 2743, 3185, 5337, 2371, 2371, 8123, 2467, 2371, 4151, 7021]
1740764, [791, 2600, 1515, 1621, 2743, 6239, 5953, 1972, 3314, 7789, 7142, 5723, 3222, 1360, 25, 6216, 2301, 5570, 620, 749, 3937, 2406, 3520, 5847, 907, 5181, 4363, 547]
32496356, [7021, 5021, 2525, 5368, 4640, 3322, 3219, 2396, 5883, 1749, 3185]
1266819, [44, 2881, 6594, 4624, 860, 7432, 2753, 885, 8138, 8095, 4253, 3331, 8095, 1969, 4248, 805, 4329, 4253, 221, 7757, 221, 4248, 7359, 1969, 1969, 3355, 2446]
1906889, [7753, 1501, 7199, 6861, 7809, 4538, 7542, 7199, 2521, 7809, 2943, 4363, 4363, 4363, 2816, 2600, 5835, 8109, 420, 5225, 8261, 6913, 2007, 6324, 7542, 2981, 8191, 6913, 6634, 1501]
7463316, [272, 7648, 2600, 8174, 4363, 725, 887, 2781, 6919, 7643, 6288, 2665, 3145, 1012, 7256, 7544, 4977, 6288, 2026, 7753, 4732, 5247, 3185, 3316, 5775, 4198, 5775, 474, 2467, 2040, 574, 5452, 4507, 253, 7360, 1074, 7143, 7360, 3047, 2467]
26358395, [2445, 396, 396, 7810, 4300, 3352, 420, 1938, 4583, 221, 4583, 1144, 4538, 7359, 7704, 8083, 7359, 3937, 7785, 3937, 742, 1763, 2905, 1309, 5634, 4253, 6636, 1663, 5775, 7143, 7362, 2905, 244, 8099, 5247, 5179, 6687, 4447, 4187, 7753, 7359, 6781, 8184, 562, 4253, 2521, 5727, 1759, 1191, 3937, 956, 620, 5247, 6951, 4187, 7839, 8195]
30627321, [6985, 518, 6990, 575, 5876, 5725, 7988, 469, 2396, 1143, 244]
5697632, [5382, 2883, 5565, 2396, 4967, 5864, 5021, 4287, 7422, 7422, 5658, 6376, 4322, 7422, 6684, 3145, 574, 1628]
2259030, [4201, 2358, 3706, 1627, 1672, 1143, 2396, 3706, 5034]
2769852, [2798, 5406, 737, 1568, 2881, 4670, 468, 7449, 7359, 7542, 5634, 7449, 5775, 4248, 1012, 7360, 3145, 7034, 5452, 5549, 8112, 3145, 7132, 2396, 4967, 3185, 7179, 4248, 2798, 620, 1568, 6211, 3268, 1753, 3145, 6131, 5219, 1568, 6309, 7669, 1568, 1628, 6582, 8210, 2367, 1219, 7753, 5954, 6309, 4248, 7598, 1753, 5898, 4300, 3092, 6585, 6585, 7199, 7133, 5634, 8210, 6960, 574, 5210]
12414587, [7169, 2514, 517, 8290, 5037, 5875, 6908, 2798, 5034, 1128, 2371, 2781, 3979, 2372, 4967, 4967, 5845, 2881, 5406, 5210, 7022, 7022, 4796, 2440, 1128, 2440, 6630, 8205, 6630, 1128, 3925]
3912910, [5634, 4538, 888, 5406, 3043, 4507, 7359, 7034, 5406, 7292, 3092, 8191, 6140, 4538, 5549, 6704, 7753, 5406, 8193, 888, 7359, 4994, 7900, 1763, 396, 1287, 1763, 1358, 547, 7704, 1288, 3165, 4583, 2440, 1763, 4151, 2541, 5634, 5406, 2445]
3681139, [5406, 7410, 1501, 6841, 8174, 5162, 6701, 8263, 6218, 2323, 1454, 5727, 1828, 3047, 5210, 7125, 4190, 5326, 7409, 3134, 7409, 7034, 7409, 7409, 1785, 2054, 4583, 2521, 5727, 7409, 7366, 1478, 8261, 5382, 2529, 3092, 6585, 7138, 1501, 2054, 2396, 2054, 129, 7198, 518, 6585, 5727, 7409, 8263, 5210, 4751, 7409, 2743, 623, 5406, 2445, 7630, 8263, 7409, 1014, 7409, 2467, 2801, 2040, 7409, 3043, 1478, 620, 1275, 620, 7409, 4151, 6621, 5332, 5406, 7409, 1605, 6621, 3043, 8185, 5862, 4187, 2467, 2940, 620, 6627, 2940, 4507, 5406, 4198, 7540, 2450, 5727, 7409, 7753]
2762659, [5731, 5413, 5775, 1835, 562, 1177, 5647, 6129, 2798, 5034, 1128, 7753, 8109, 3328, 3222, 4507, 6926, 4288, 4330, 5689, 574, 3043, 1629, 5731, 256, 5634, 3185, 7792, 3322, 4994, 4253, 5179, 4538, 6223, 8191, 5406, 6376, 574, 7598, 1628, 1521, 3328, 4538, 1628, 7595, 8099, 7753, 7598, 7409, 6273, 666, 6965, 5724, 3185, 6634, 666, 666, 3185, 7598, 4544, 1936, 7900, 4876, 2054, 1936, 666, 6634, 1936, 1828, 2798, 420, 1014, 620, 5686, 5727, 5729, 5037, 6204, 2600, 5686, 742, 5727, 7753, 242, 3964, 2364, 7792, 3185, 4187, 243, 243, 6218, 1753, 2798, 1099, 6216, 7753, 4507, 4363, 2467, 8185, 7542, 2743, 1144, 7598, 2807, 4732, 7900, 7169, 4330, 2781, 4330, 6216, 3937, 2905, 1607, 25, 666, 4923, 7359, 1936, 888, 938, 1144, 2743, 938, 8185, 6249, 620, 5425, 4953, 2807, 7900, 4831]
451791, [2445, 4287, 1288, 8191, 7797, 4640, 4967, 2541, 1360, 3222, 4363, 2389, 7183, 2600, 4363, 8191, 4538, 2445, 2264, 4363, 5406, 4363, 6582, 5406, 1749, 3222, 3145, 6216, 515, 1952, 2600, 7292, 5406, 1753, 6630, 2600, 2406, 4287, 7359, 4363, 4248, 7540, 4322, 1143, 1128, 7753, 7160, 4349, 7169, 7753, 2445, 7362, 7797, 253, 2445, 7540, 2600, 4366, 7785, 4248, 1904, 2788, 5353, 1523, 300, 1763, 7351, 2445]
21388424, [5215, 620, 2441, 3145, 8107, 7174, 7791, 4198, 4831, 4923, 4831, 7753, 4937, 574, 8185, 3864, 4173, 472, 6216, 4349, 5382, 1769, 4151, 1100, 2798, 3718, 2743, 4640, 6251, 574]
445895, [8290, 8061, 1360, 5731, 473, 4583, 8060, 6223]
456959, [5139, 2445, 547, 2513, 5960, 5225, 6582, 6687, 8261, 515, 2203, 4507, 6627, 2203, 5634, 2203, 4507, 7828, 5406, 5412, 2309, 5972, 2462, 3574, 1143, 5842, 1749, 8204, 956, 518, 5412, 2462, 3328, 3574, 3574, 7016, 3328, 3574, 791, 4363, 6175, 7828, 5490, 7016, 1763, 5876, 6919, 5572, 5876, 3574, 2309, 7052, 2857, 7542, 7362, 4538, 2743, 3185, 253, 7360, 4507, 7542, 2300, 7454, 3937, 3043, 2467, 7542, 2467, 8207, 8184, 7707, 620, 420, 243, 5572, 2514, 5572, 8180, 5572, 3031, 477, 3937, 4511, 7753, 1753, 2301, 2512, 6582, 7701, 6634]
1226363, [3145, 1012, 2396, 3145, 2863, 2535, 5225, 1749, 244, 1743, 1012, 6885, 7231, 2396, 4349, 2525, 5412, 2235, 6272, 6340, 6340, 3937, 5406, 1743, 7359, 3145, 2455, 4474, 6634, 2371, 4288, 6148, 6239, 4248, 2811, 3900, 7729, 3937, 7049, 2811, 3900, 7843, 4474, 5179, 1763, 1007, 3047, 7828, 6843, 574, 3948, 2396]
512161, [2445, 6218, 5972, 1144, 6249, 4720, 2431, 3165, 7126, 5978, 7542, 4505, 1144, 5493, 5162, 2478, 718, 5332, 4977, 3965, 1144, 5334, 2218, 5862, 5972, 5972, 5850, 8290, 8191, 7178, 887, 3040, 3314, 5972, 1144, 8138, 5978, 5332, 1144, 4363, 2445, 1172, 68, 5972, 5441, 6323, 256, 5978, 4977, 4284, 1619, 4108, 7647, 5972, 7034, 1275, 4248, 4108, 7542, 5225, 7753, 1172, 3134, 4253, 7701, 1172, 1144, 4284, 1144, 2816, 4383, 3964, 5406, 5972, 7540, 4284, 1144, 2372, 5972, 2040, 2445, 7753, 2372, 1757, 1891, 1757, 4977, 4363, 2781, 4363]
13891325, [165, 3197, 7735, 8261, 5382, 959, 2396, 2371, 2600, 6585, 5210, 3928, 6585, 8085, 2396, 1904, 6132, 5210]
1138873, [7169, 2505, 6389, 5326, 2801, 6089, 3043, 6468, 6908, 1077, 1772, 8185, 5210, 5382, 4640, 8148, 4967, 546, 2781, 3167, 4363, 25, 8290, 4538, 4994]
633832, [4538, 1100, 1749, 1825, 5247, 2531, 1967, 4723, 5792, 2418, 1100, 1967, 5416, 7288, 420, 8191, 7753, 5775, 8205, 5416, 2043, 3331, 6582, 4363, 5724, 4248, 1515, 3145]
29393556, [5729, 1013, 2054, 1429, 5775, 5368, 1012, 3718, 354, 2445, 5406]
9522001, [4248, 4977, 699, 6309, 1513, 7139]
335298, [8263, 2301, 2798, 1613, 1128, 742, 4915, 2615, 7650, 4937, 1007, 7650, 2864, 420, 699, 5382, 2325, 7691, 2798, 3145, 2513, 4953, 6619, 1143, 3279, 956, 70, 2440, 420, 1143, 7707, 6906, 2511, 2511, 5210, 6126, 5210, 5727, 2396, 7542, 7650, 7704, 2511, 2234, 2440, 1143, 4284, 2781, 3185, 7429, 4284, 6919, 5724, 5724, 5724, 2798, 3145, 3145, 1077, 2054, 5210, 260, 805]
4836072, [475, 7408, 7618, 5406, 6991, 5210, 2335, 8191, 647, 8290, 6636, 2863, 5637, 7841, 4751, 5425, 5727, 7542, 4937, 2781, 518, 2396, 7542, 1753, 5441, 8103, 4583, 7068, 4284, 1443, 7454, 2816, 2305, 5972, 6905, 8025, 4967, 7021, 518, 6558, 620, 6102, 472]
864614, [4977, 6687, 4153, 4153, 5731, 7542, 8290, 8193, 5722, 7598, 7809, 420, 2600, 2352, 420, 574, 7691, 5572, 420, 1743, 6239, 5876, 4732, 7223, 4753, 5572, 8290, 8191, 4538, 4248, 2372, 3133, 8290, 4538, 1125, 7428, 5835, 1938, 6239, 5876, 4967, 7021, 4923, 243, 617, 4977, 187, 718, 8063, 7054, 187, 420, 7160, 6913, 4383, 7198, 1930, 2352, 4640, 4538, 4198, 2206, 1147, 8110, 1778, 6428, 7160, 1473, 2600, 5572, 4640, 6841, 5729, 3133, 196, 4640, 243, 300, 7542, 2600, 2981, 3222, 7542, 1360, 6218, 3145, 4248, 5565, 5219, 2467, 4507, 4732, 6634, 420, 5406, 575, 6582, 2352, 1930, 6991, 4583, 4753, 2371, 8210, 7832, 6701, 1753]
77223, [4287, 8103, 6213, 8213, 3520, 7753, 4366, 4732, 5658, 1629, 5382, 2513, 5021, 7603, 5775, 5225, 1749, 6701, 6662, 1763, 5021, 1749, 7429, 5775, 3112, 3937, 7169, 4923, 1177, 4349, 1177, 2615, 7169, 7707, 4187, 7034, 4198, 5775, 3900, 7789, 3090, 3900, 6217, 5775, 7143, 1938, 3900, 7785, 3900]
1195757, [5565, 4583]
4022937, [2445, 7021, 7409, 4151, 5406, 742, 2076, 5431, 7648]
4592959, [2445, 961, 3092, 6585, 740, 6569, 4538, 8290, 4753, 469, 8290, 70, 2441, 8081, 5368, 2306, 2807, 7002, 4284, 961, 7603, 2807, 5210, 7002, 7002, 5978, 2881, 5210, 6126, 187, 5406, 5210, 7002, 5210, 7002, 7002, 8290, 7002, 6905, 4753, 7753, 1753, 7016, 2093, 8290, 7002, 8290, 7002, 5247, 1149, 7704, 1829, 4248, 7704, 4953, 7002, 5727, 2440, 2093, 8290, 7002, 6847, 6885, 2863, 3316, 7002, 2215, 4753, 2440, 2743, 7002, 3937, 4753, 5419, 2440, 2215, 7002, 6129, 5326, 2215, 7002, 6376, 3134, 2462, 2215, 6701, 7002, 2462, 2215, 2215, 2863, 2235, 6627, 2863, 2234, 7785, 3134, 5419, 5425, 4753, 6216, 4753, 4198, 5425, 2514, 5368, 4753, 4753, 6216, 5225, 1749, 8081, 2711, 8081, 2440, 2798, 6634, 8210, 7143, 7510, 4753, 623, 5490, 6251, 6960, 6251, 7832, 6218, 7360, 8082, 55, 5294, 2302, 6217, 7691, 620, 3145, 4967, 5634, 7648, 2979, 396, 1443, 8081, 4753, 5382, 7160, 4330, 8210, 1171, 7540, 5724, 396, 1171, 2450, 6582, 620, 8290, 7002, 2418, 740, 4977, 1085, 805, 2743, 4329, 6843, 2215, 6978]
77598, [272, 5700, 6965, 5724, 5225, 2440, 1102, 7052, 6204, 347, 6905, 907, 7359, 5215, 907, 7016, 4253, 3328, 7160, 7014, 2816, 958, 1147, 907, 5706, 6631, 6177, 7359, 4248, 7811, 5406, 2452, 907, 547, 6634, 2305, 2445, 6631, 6634, 4923, 8099, 7657, 5210, 8099, 907, 2440, 5406, 5983, 907, 1835, 6631, 473, 5382, 1640, 4544, 1830, 4248]
31705653, [2529, 5875, 957, 6213, 958, 2883, 6585, 5210, 7198, 6140, 5210, 6585, 956, 7132, 5406, 6585, 958]
7153927, [2301, 473, 5023, 5210, 1930, 5878, 7169, 5844, 7034, 7542, 3112, 2532, 7016, 3112, 7034, 7785, 5382, 1529, 1529, 2532, 7362, 5406, 1828, 2807, 620, 6376, 1763, 4322, 8207]
3952475, [1605, 2781, 3112, 5983, 7223, 699, 1469, 5894, 2513, 2445, 1694, 4288, 6102, 1694, 7133, 1432, 846, 4923, 5367, 6198, 5221, 242, 4923, 7737, 4923, 4248, 7753, 5565, 4583, 1904, 7327, 6145, 5367, 4544, 5210, 5983, 7503, 152, 5367, 5983, 7143, 5210, 5983, 2521, 5406, 6131, 1469, 1967, 5800, 5983, 5221, 6198, 7016, 8191, 6129, 4248, 7737, 1967, 2743, 620, 6839, 4511, 4363, 7707, 7169, 7169, 256, 355, 7753, 7598, 2305, 152, 6131, 1967, 620, 2305, 620, 7359, 620, 620, 5983]
3136201, [7160, 2348, 4322, 8081, 2838, 7408, 1521, 8081, 8194, 7841, 1819, 2467, 1521, 8081, 742, 3050, 6174, 1828, 2440, 8263, 8081, 3212, 4898, 5406, 6582, 3937, 8290, 5368, 3331, 2478, 6216, 3937, 1143, 7002, 2440, 8081, 1143, 4173, 6905, 3331, 5866, 8081, 3684, 2445]
506119, [1147, 666, 2521, 1144, 6309, 4363]
8905156, [5247, 5210, 6213, 5168, 842, 3219, 5731, 5225, 1749, 7016, 4474, 6701, 1896, 7641, 1749, 7707, 5634, 8081, 2441, 574, 4851, 4329, 2396, 3328, 1007, 2615, 1892, 4851, 2511, 620, 4851, 8181, 1967, 2365, 5210, 1356, 2600, 1819]
5263902, [6638, 6590, 2455, 1721, 6630, 5368, 5092, 1012, 4333, 2529, 2665]
66870, [8261, 4967, 3278, 5831, 3322, 6706, 1654, 7489, 396, 4538, 5247, 6704, 2467, 4284, 6706, 6627, 6706, 1904, 7753, 4511, 7598, 4753, 575, 6965, 4190, 2467, 7648, 5646, 6223, 4757, 2467, 2514, 6911, 5247, 3964, 2467, 2743, 8099, 5247, 3634, 1763, 4363, 7510, 2743, 7174, 2371, 7753, 2370, 5406, 1501, 515, 7175, 7179, 4363, 8263, 2309, 5949, 4363, 623, 6704, 3274, 3937, 7077, 2514, 7598, 4704, 4507, 5842, 7428, 6216, 3397, 8205, 5727, 2243, 1275, 4151, 4734]
8636654, [2445, 4966, 4757, 2444, 8290, 8191, 8205, 2352, 8069, 68, 2093, 242, 5983, 5247, 421, 4967, 3341, 1828, 2012, 7832, 7362, 2418, 3318, 6218, 7359, 574, 3937, 4753, 8138, 2807, 1968, 2788, 2054, 2093, 6132, 1968, 2743, 2093, 620, 2467, 3043, 1967, 4251, 7167, 5983, 8099, 4253, 8099]
168554, [7169, 2514, 7753, 4753, 5864, 5367, 8083, 6389, 666, 3079, 7753, 620, 2711, 5864, 3274, 5225, 70, 396, 1569, 2054, 5864, 256, 966, 4511, 3278, 7753, 4198, 2205, 6374, 966, 4151, 966, 6374, 68, 4979, 1100, 6627, 2218, 5382, 1702, 7072, 5382, 6006, 7014, 7647, 130, 8204, 7753, 2268, 7753, 2613, 620, 2545, 2218, 7647, 2219, 7542, 2743, 2218, 5847, 1099, 1309, 5864, 472, 5452, 6627, 2218, 1100, 1007, 1007, 2218, 3328, 1100, 5034, 6627, 5866, 4318, 2218, 1495, 6982, 6129, 4732]
4731904, [4363, 5210, 2781, 3092, 6585, 6706, 2396, 5549, 8290, 1607, 1565, 6634, 2462, 187, 6585, 2462, 6585, 5549, 6585, 5549, 1521, 8082, 574, 2098, 2339, 3336, 5583, 7647, 2406, 5645, 4757, 7142, 6144, 1619, 6465, 2440, 1607, 1144, 3670, 791, 3937, 6465]
16744198, [5034, 7198, 1247, 7730, 132, 546, 2743, 7021, 4363, 5325, 8214, 620, 2348]
24188674, [740, 2445, 929, 7729, 3046, 5219, 7811, 791, 7160, 5634, 8191, 7021, 1473, 920, 1749, 7021, 4287, 3311, 4640, 1144, 256, 546, 4734, 4507, 6701, 1275, 929, 5225, 4953, 8205, 5247, 4322, 2333, 929, 6585, 3043]
652432, [5368, 5565, 2743, 4732, 2488, 7034, 5406, 5714, 5775, 7092, 2521, 5775, 5775, 2512, 7092, 44, 5714, 7795, 1206, 2450, 4796, 5714]
1597802, [1443, 5572, 8191, 3044, 3145, 4753, 7179, 2676, 3134, 1748, 2676, 3145, 2743, 4322, 4287, 7887, 6216, 1628, 7648, 1012, 4248, 6627, 3937, 5247, 313, 5894, 5894, 4757, 2467, 7542, 8263, 8191, 3180, 5572, 4447, 4538, 4507, 4198, 4538, 5572, 3185, 8099, 187, 1144, 2676, 2027, 3185, 1972, 515, 8068, 574, 3185, 2676, 3125, 8060, 2445, 5325, 4538, 5355, 6843, 5412, 2445, 7014]
1405743, [7086, 8213, 5352, 2656, 5221, 1528, 2655, 1769, 520, 1702, 5221]
1157158, [1594, 1360, 7429, 620, 152, 6704, 7141, 3238, 2798, 2043, 7841, 2054, 2788, 3937, 5210, 4753, 3937, 3937]
33940717, [2445, 7169, 4898, 1749, 1360, 2521, 5727]
1271694, [4248, 3187, 472, 4798, 7221, 3145, 3222, 7489, 3185, 8193, 8131, 1771, 4923, 2371, 7841, 1144, 2950, 472, 3222, 6631, 1952, 1360, 1099, 7183, 1952, 3326, 3185, 3937]
14261075, [8263, 2334, 2124, 518, 7160, 3031, 1763, 2334, 6965, 7648, 7160, 4300, 2378, 2501, 4300, 2529, 5368, 7432, 8263, 3095, 892, 1645, 3338, 6224, 2837, 1612, 4511, 253, 244, 2439, 3937, 2305, 8184, 6701, 4817, 3238, 4538, 6687, 2210, 4817, 574, 7753, 4300, 1809]
5264560, [6266, 4753, 6914, 5353, 2235, 5382, 1478, 7785, 5570, 473, 2054, 6837, 3964, 6951, 5729]
3569886, [2529, 5775, 1835, 6149, 196, 4288, 5954, 4248, 1607, 5724, 4108, 6251, 4318, 2781, 5368, 4182, 2043, 2807, 742, 7016, 5406, 4753, 3043, 5412, 3145, 1628]
15357779, [2881, 132, 5406, 7199, 132, 7603, 2215, 132, 7630, 3311, 2788, 2304, 132, 396, 132, 6218, 7362, 1143, 5219, 3937, 2979]
3466113, [7952, 1517, 1206, 2788, 2711, 475, 5368, 8148, 546, 2133, 3158, 1594, 132, 475, 620, 5183, 7002, 620, 4151, 7662, 4753, 1833, 4538, 5210, 749, 5792, 4190, 7002, 2527, 4322, 4287]
5241676, [2225, 8207, 1819, 4363, 7410, 7648, 6224]
1663320, [2445, 2514, 4248, 4385, 5800, 4248, 260, 4383, 4544, 2512, 623, 4383, 3134, 5572, 4187, 5572, 3295, 3046, 5572, 5332, 4732, 2372, 4538, 659, 5572, 5572, 2535, 7034, 623, 4383, 472, 5572, 7360, 3964, 4383, 623, 4383, 7403, 1100, 5183, 8099, 4505, 6885, 4923, 4672, 1281, 4441, 1826, 3274, 5406, 4383, 1247, 623, 4383, 620, 2467, 1541, 7510, 4383, 2816, 4383, 2302, 7143, 8080, 6905, 5572, 3964, 6176, 4383, 2816, 4383, 623, 6634]
1303197, [7988, 7021, 2341, 3274, 2305, 2781, 4253, 1694, 5868, 4363, 3964, 4799, 4474, 5225, 4953, 3185, 4102]
7090669, [8290, 4538, 2807, 8107, 8099, 666, 4923, 2838, 1144, 3079]
2648856, [1358, 4287, 553, 553, 1295, 6585, 7603, 3318, 7132, 2467, 1749, 396, 7198, 7408, 8290, 2781, 2467, 3314, 4674, 5406, 5247, 5247, 7174, 2798, 620, 1967, 1967, 7359, 574, 5868, 2627, 4640, 8107, 545, 1012, 620, 3326, 7598, 553, 7021, 1521, 8042, 152, 6687, 2462, 7021, 941, 6634, 1358]
6937139, [4248, 2396, 7223, 8205, 2511, 2396, 1592, 2743, 2301, 4977, 7843, 2445, 2357, 355, 7489, 5800, 4300, 5983, 7143, 3180, 1611, 620, 7598, 1749, 2600, 5210, 6288, 3964, 1005, 7072, 5210, 2600, 4224, 2798, 7126, 907, 4977, 2445, 2440, 4511]
622993, [7828, 2301, 620, 2488, 7648, 8290, 8191, 5565, 3046, 6997, 2384, 7753, 2798, 6132, 130, 2384, 8290]
699336, [5894, 4151, 5729, 7021, 4153]
180241, [8290, 6486, 4336, 1594, 1628, 6486, 7603, 7275, 5266, 4732, 396, 7275, 6131, 1594, 2467, 6486, 7034, 472, 8290, 6486, 2881, 3185, 8184, 6701, 1594, 4674, 2807, 7795, 6701, 6486, 6486, 2541, 2511, 7753, 7753, 2512, 2541, 1143, 6486, 3937, 2541, 6486, 2455, 5225, 1749, 2743, 469, 2467, 5565, 469, 1512, 6582, 4511, 4447, 6486, 4198, 5978, 6177, 2440, 2440, 5406, 5326, 7753, 5406, 888, 8290, 6486, 355, 4253]
1482950, [2445, 2026, 6687, 2513, 2881, 1128, 1834, 4190, 7753, 7841, 2711, 7841, 2450]
34927590, [3328, 907, 4862]
9266932, [4937, 2087, 6216, 2087, 4796, 5247, 8099, 7034, 3185, 5866, 5731, 1143, 7360, 1049, 3711]
15105645, [1969, 1930]
10071292, [1835, 2524, 5894, 561, 5416, 1763, 5570, 2028, 620, 5775, 3929, 5868, 6585, 1529, 7408, 6633, 2781, 5406, 5565, 3145, 1835, 7789, 7014, 4322, 5731, 6619]
12835554, [6638, 4288, 2304, 4538, 4640, 8290, 959, 6631, 8153, 4102, 5406, 6309, 2406, 2747, 6634, 7052, 907]
4451435, [6965, 2881, 1681, 3929, 2028, 7034, 2512, 5021, 396, 8191, 5406, 5406, 7900, 5021, 994, 7702, 4538, 5775, 5893, 2371, 300, 4753]
169202, [5139, 5139, 2747, 7900, 6131, 2431, 5634, 7900, 1432, 1749, 6965, 5572, 4753, 8193, 4859, 5139, 396, 2514, 5334, 1904, 5406, 2713, 1763, 2371, 4248, 1930, 4507, 1826, 4511, 1489, 1432, 647, 2514, 2408, 5034, 4583, 2615, 4322, 2450, 5139, 2212, 5355, 4329, 620, 6634, 462, 6614]
11288620, [6226, 4538, 3939, 1630, 4187, 6839, 5570, 242, 8263, 5452, 2445, 2043, 5021, 907, 4274, 5023, 5856, 1358, 4288, 740, 6687, 6150, 4349, 2363, 3718, 3185, 1358, 5022, 7362, 3718, 1561, 5775, 5368, 2488, 1763, 4151, 698, 7409]
16066384, [7409, 1148, 7362, 1749, 1735, 726, 5055, 6687]
41528, [1074, 4248, 7169, 5181, 7175, 7169, 1358, 1360, 4287, 4967, 5406, 8290, 1694, 6585, 3274, 4363, 791, 2600, 1828, 753, 1501, 2234, 1077]
1336117, [8263, 5864, 1763, 7419, 2781, 5406, 6579, 5864, 4723, 3900, 8290, 1967, 5864, 7410, 5225, 1012, 7419, 2781, 5864, 8205, 3669, 4288, 6965, 7841, 4094, 2467, 5866, 5864, 1281, 7792, 132, 1281, 3326, 907, 2445, 5452, 5864, 6633, 3212, 2341, 7191, 5864, 5247]
8141252, [5960, 8205, 2043, 4750, 2043, 6837, 1074, 1074, 1557, 5775, 1806, 4190, 6966, 725, 5247, 5210, 420, 6376, 2838, 7409, 2418, 420, 4248, 6905, 8290, 2781, 6704, 5406, 4151, 5225, 1749, 574, 805, 4538, 6843, 3979, 2043, 5382, 7753, 5722, 7142, 3274, 5775]
24551073, [1323, 617, 1147, 620, 1358, 4967, 5412, 6211, 7753, 4182, 7753, 260, 4994, 5209, 7086, 6198, 5835, 256, 2982, 617, 617, 2396]
2645157, [5023, 2396, 2807, 2881, 7160, 3939, 3939, 3043, 620, 907, 2341, 3939, 5775, 6704, 256, 4224, 3964, 888, 3045, 3939, 3045, 3939, 3939, 2396, 2341, 6251, 3043, 2462, 3939, 2467, 3939, 4151, 7160, 2450, 3939, 7160]
2430019, [6634, 152, 1077, 7798, 8081, 1630, 1605]
25092646, [8261, 5382, 959, 2473, 2396, 866, 738, 1672, 4915, 1672, 2371, 3047, 1753, 5406, 2816, 2396, 1749, 2473, 2371, 3045, 6585, 6585, 8099, 1672, 6585, 2396, 7021, 2396, 6585, 574, 4198, 7058, 961, 1172, 7654, 7429, 4349, 5406, 961, 4329, 961, 8261, 5382, 7179, 4538, 420, 7429, 4538, 6956, 2798, 5881, 2743, 4923, 2807, 3145, 5247, 4287, 4538, 4224, 4170, 130, 1358, 243, 8185, 105, 2396, 1515, 4967, 5775, 1144, 2798, 472, 5366, 1144, 6216, 1672, 6376, 7832, 2513, 7832, 355, 2462, 6129, 2743, 3043, 620, 8099, 515, 1144, 7359, 1144, 2676, 6888, 187, 2905, 6131, 4507, 4967, 4937, 4198, 2396, 7789, 2396, 1074, 3045, 3145, 3145, 5225, 4953, 5775, 6841, 1204, 6178, 4915, 7359, 6585, 6585, 1537, 620, 2396, 5225, 4953, 2371, 4967, 6919, 1309, 742, 4329, 6988, 3145, 6988, 8099, 620, 1144, 5775, 4330, 2467, 6687, 2743, 7014, 1144, 8300, 5722, 5582, 2396, 2743, 7791, 2396, 3043, 620, 1144, 742, 1904, 1144, 3043, 5367, 7791, 4915, 3044, 2339, 961, 4915, 3044, 1144, 1672, 620, 1144, 4915, 3043, 1672, 4187, 8061, 2514, 5452, 4538, 4330, 1672, 7753, 3043, 620, 3185, 4511, 3047, 7359, 620, 7753, 2352, 2205, 4187, 1672, 1672, 7647, 5406, 396, 1672, 2396, 1672, 2396, 1763, 4977, 1672, 6249, 620, 1144, 4967]
3272326, [482, 7169, 620, 4538, 477, 2798, 2301, 6687, 8184, 1204]
1345561, [5327, 4151, 2863, 5163]
2964301, [8147, 4511, 4288, 6965, 7648, 7512, 7021, 3165, 7669, 7359, 5868, 1753, 2600, 8290, 8191, 4288, 4287, 6239, 4753, 3047, 4640, 25, 7143, 5722, 5225, 617, 1014, 3145, 6009, 617, 1358, 4248, 7021, 3145, 1177, 2206, 355, 2396, 1519, 5034, 5727, 2300, 396, 7828, 6218, 3145, 8194, 2621, 6627, 1247, 5876, 7359, 8185, 396, 7367, 8290, 7198, 3095, 3519, 280, 2781, 3338, 1515, 6216, 3145, 2467, 2615, 4923, 3338, 5583, 4363, 2396]
11161265, [8103, 1350, 1177, 5729, 6989, 8191, 5406, 1749, 1607, 5893, 6687, 6701, 1607, 5731, 1759, 2798, 5893, 2302, 415, 7279, 4538, 3937, 5775, 1521, 5021, 6223, 2301, 2445, 7014, 2743, 2535, 4538, 2798]
6504302, [5368, 5416, 7542, 4937, 2467, 8290, 6674, 7092, 1753, 6843, 7360, 5866, 8081, 2371, 1012, 1782, 7598, 3964, 5368, 8290, 8185, 8095, 1763, 4248, 6204, 1014, 620, 3165, 4704, 7160, 3185, 5775, 5776]
476640, [2600, 4248, 7408, 6837, 7828, 5249, 2467, 2743, 420, 5225, 4953, 3134, 2807, 5864, 1057, 893, 3519, 6621]
54030, [8103, 1763, 2396, 5864, 7169, 5892, 3345, 791, 5572, 5247, 7598, 4363, 420, 3331, 6847, 7360, 2591, 5634, 1763, 2627, 7142, 415, 2206, 4538, 7662, 4185, 6841, 2045, 5247, 4198, 6951, 6954, 4253, 7630, 4538, 7362, 2363, 2450, 2406, 4248, 3274, 8042, 5412, 2445, 5413]
165990, [8107, 5210, 420, 7753, 4753, 7729, 1892, 4349, 1892, 4322, 67, 7648, 5729, 2445, 620, 4187]
11120431, [5374, 5316, 2467, 5368, 4507, 244, 2447, 4753, 6204, 1753, 104, 4243, 6908, 620, 6614, 5210, 8081, 2881, 1517, 2521, 5247, 6843, 6627, 6843, 7359, 4753, 6687, 4507, 7214, 8085, 8112]
12674456, [7648, 1558, 3322, 4538, 6074, 3112, 6843, 4538, 7662, 2359, 8146, 7648, 5382, 4538, 620, 3316, 620, 4538, 5382, 1206, 7956, 5406, 6074, 8191, 3222, 574, 4753, 5406, 4761, 4331, 4331, 7753, 8191, 1143, 4753, 4753, 5419, 4753, 1934, 5487]
10133100, [2445, 2781, 6129, 3092, 6585, 2798, 2396, 1356, 5775, 5954, 5850, 6968, 2911, 6905, 1144, 7034, 7701, 717, 6905, 4967, 7021, 7160, 7021, 2798, 4507, 2577, 6583, 5413, 666, 6131, 132, 4796, 6847, 3185, 1607, 1607, 396, 3185]
2270205, [8290, 7359, 7791, 4288, 6177, 4288, 2384, 1607, 4327, 2451, 5359, 472, 6911, 5729]
770239, [2445, 7169, 2371, 4288, 4173, 1360, 2201, 1360, 7702, 2523, 5892, 1360, 2446, 5302]
34405021, [7169, 472, 6213, 5368, 2743, 2440, 8081, 4287, 5729, 8081, 3079, 4723, 2029, 6131, 7169, 6376, 396, 6131, 4248, 7126, 6634, 5727, 3031, 4248, 5634, 472, 3670, 2445]
8737659, [4248, 4363, 260, 5978, 5549, 1012, 4720, 1358, 1012, 1592, 5978, 7409, 5972, 5978, 3336, 5978, 5327, 5727, 1147, 5978, 8207, 742, 1012, 4583, 8263, 3900, 1592, 5978, 1077, 6630, 2371, 6223, 2371, 355, 7841, 1012, 3145, 2371, 7598, 5210, 2863, 5722, 953, 3043, 2083, 4201, 1144, 1126, 1619, 5972, 3964, 3451]
19301429, [961, 6847, 1974, 4284, 6239, 2781, 574, 1972, 961, 1974, 5572, 4994, 8103, 4967]
4032727, [1287, 8191, 8290, 129, 2513, 5549, 1763, 1144, 1473, 2054, 1041, 4198, 1012, 112, 4284, 5352, 3314, 7068, 8099, 7362, 6988, 2301, 4253, 698, 4937, 7142, 2450, 6582, 2445, 4248, 3145, 4253]
2731727, [4347, 4287, 4288, 5572, 4967, 5406, 2863, 4511, 2982, 4507, 4732, 5572, 4753, 4224, 2798, 7429, 5775, 5572, 2034, 8193, 5572, 5572, 2396, 5406, 1360, 4796, 1952, 3929, 3937, 5775, 3185, 2396, 2445, 4322, 7169, 5162, 3979, 3079, 2788, 1360, 7021, 4538, 2338, 5325, 244, 5221, 3047, 1483]
4069274, [725, 8290, 8191, 4288, 6706, 4753, 7179, 6704, 420, 6706, 2565, 8103, 5549, 8099, 740, 4248, 105, 2390, 4507, 1032]
1389153, [7753, 1144, 2881, 1652, 4190, 1972, 2600, 2301, 740, 2445, 2301, 2615, 1428, 4994, 4253, 740, 2445, 1144, 3090, 742, 7704, 7069, 2445, 2040, 1144]
2080306, [1519, 1012, 2418, 4644, 5864, 1529, 8187, 5864, 7448, 1763, 7449, 7362, 1852, 2521, 7729, 4704, 5864, 4282, 6633, 3278, 2529, 132, 4675, 742, 1519, 3573, 1529, 7795, 2043, 2466, 5406, 1749, 2304, 8261, 6633, 472, 5565, 8099, 2315, 7810, 5565, 3316, 7843, 7359, 6636, 6224, 5724, 4753, 5452, 4545, 3134, 5724, 2798, 7409, 5367, 253]
694559, [2048, 1834, 4704, 5425, 4538, 2040, 1819, 1619, 7021, 8290, 6150, 8138, 3339, 2467, 2525, 8184, 2525, 6126, 244, 5581, 6919, 5725, 7675, 244, 2982, 7544, 4178, 475, 4732, 7022, 6636, 108, 5727, 7675, 7956, 5183, 959, 4108, 5725, 3243, 8138, 352, 2512, 7062, 4753, 4288, 5725, 7785, 5406, 5406, 6947, 352, 574, 5426, 6181, 7360, 2788, 3670, 2488, 7675, 1143, 7675, 1517, 8185, 5163]
1576720, [2352, 7141, 2462, 68, 2438, 6131, 4538, 2462, 2444, 2462, 1005, 4967, 2743, 7232, 4348, 7021, 620, 975, 4507, 2378, 8099, 7648, 5775, 7704, 885, 4538, 8025, 7791, 7359, 4300, 3331, 7359, 5775, 749, 6251, 2963, 472, 7729, 1144, 2467, 1144, 1144, 3167, 2743, 5225, 5367, 5775, 7014, 4288, 1605, 5866, 5775, 8060, 3134, 5413, 8099, 1763, 4187, 2206, 620, 8060]
28995186, [4538, 1628, 4173, 7362, 1177, 5326, 2455, 4538, 2521]
3933604, [1307, 4977, 7489, 7841, 7489, 3331, 7081, 5728, 5382, 7489, 2396, 7753, 4753, 3346, 1128, 3314, 2396]
171618, [2445, 6847, 1578, 4469, 8191, 477, 2445, 620, 5266, 8263, 7845, 4288, 2881, 477, 4288, 1012, 420, 7360, 469, 4640, 4753, 8081, 3145, 4544, 1749, 5382, 244, 477, 4732, 6634, 477, 3314, 2609, 2943, 7648, 3185, 2467, 1828, 477, 5572, 7510, 2743, 4469, 7169, 5680, 4507, 2445, 2445, 5842, 477, 8263, 5425, 4898, 477, 5225, 4898, 477, 7359, 7360, 1358, 1952, 8191, 7016, 2798, 2392, 1144, 2445, 396, 8263, 1565, 1147]
10543866, [2514, 4447, 4153, 2086, 1969, 5898, 8263, 450, 1563, 7293, 527, 2529, 527, 7068, 4977, 256, 3311, 5843, 450, 7428, 2467, 6687, 7293, 4944, 8067, 1969, 929, 7062, 4583, 5425, 527, 1969, 929]
8484755, [7648, 2982, 1749, 7138, 7648, 1204, 5775, 5368, 1307, 547, 3937, 6837, 7648, 7753, 6175, 7542, 1753, 5412, 6621, 6687, 2978, 2743, 620, 3145, 2304, 7753, 2525, 360, 6298, 2665, 727, 1561, 7409, 4190, 4284, 2600, 1749, 7160, 2525, 2807, 4304, 1432, 7828, 4252, 360, 7843, 7360]
1737543, [482, 2367, 5875, 8099, 2595, 7088, 6839, 5225, 4953, 3185, 7165, 5634, 4330, 2600, 2300, 5868, 2450, 5634, 4288, 3185, 7016, 4923, 7022, 5406, 1540, 574, 396, 1806, 7797, 6288, 5210, 7022, 5406, 4151, 6288, 243, 4248, 7071, 5037, 907, 8069]
2617036, [2445, 2513, 2837, 7900, 3095, 2445, 4583, 1288, 2529, 7753, 4497, 7169, 6290, 3336, 4753, 1077, 5646, 3043, 5415, 6627, 4734, 2086, 2445, 2536]
13572405, [5731, 4301, 70, 2881, 5634, 7175, 749, 8194, 7729, 740, 5163, 67, 1778, 2301, 2798, 1759, 2076, 5406, 5406, 5406]
170936, [4797, 791, 1818, 6988, 2038, 6919, 2305, 2371, 2406, 5367, 5841, 7581, 2418, 396]
6461832, [6687, 132, 5419, 7797, 4511, 2481, 3979, 6131]
1222564, [3979, 575, 2445, 6309, 2445, 2302, 4447, 5727, 1575, 518, 6634, 4322, 132, 2743, 1930, 69, 1478, 2798, 69, 1478, 7160, 6634, 5487, 4322, 7785, 69, 8099, 4507, 4732, 5332, 5582, 8060, 5406, 4977, 6687, 1495, 1930, 6873, 1495, 7160, 6128, 5221, 2599, 5406, 4891, 4923, 4891, 4923, 4891, 4923, 4734, 6704, 5367, 2599, 8191, 7753, 1466, 3979, 256, 1099, 2816, 396, 4734, 396, 4734, 6704, 7359, 3050, 5425, 4329, 7359, 4757, 5215, 4994, 2300, 4732, 5406, 5406, 4187, 243, 4977, 1721, 6684, 4287, 6781, 6704, 1147, 742, 2743, 69, 1147, 2313, 396, 5406]
930379, [7143, 1356, 4895, 7448, 3185, 398, 3222, 2502, 2440, 2514, 4348, 7448, 4923, 3134, 132, 473, 4363, 1607, 4248]
11993, [7409, 6594, 5640, 6198, 2753, 2467, 7454, 8104, 1515, 7167, 2753, 6594, 2087, 617, 6594, 617, 617, 7753, 5406, 574, 617, 617, 2940, 2396, 7843, 6118, 2467, 7707, 2753, 7077, 7876, 6594, 2450, 1749, 7021, 7598, 7843, 2753, 7077, 6594, 8104, 1065, 6982, 3238, 6594, 6568, 7214]
249876, [8123, 1607, 5549, 5727, 5557, 7900, 961, 2816, 4300, 7409, 3314, 1571, 8094, 5727, 7409, 5549, 2600, 546, 7409, 8107, 5727, 3925, 1626, 5972, 5727, 2450, 8185, 6582, 4967, 4511, 7160, 7603, 5549, 2743, 2217, 2798, 1501, 5862, 2627, 3047, 975, 396, 1749, 7753, 2370, 1743, 7753, 5724, 4363, 7753, 3964, 4967, 2450, 6582, 5835, 7409, 620, 5549, 3185, 4977, 5727, 1626, 5557]
317828, [2445, 6839, 5452, 5731, 6888, 5688, 717, 468, 717, 5225, 2391, 67, 3279, 2474, 8263, 2445, 2474, 8263, 5866, 2348, 7828, 5210, 6582, 2450, 6582, 2445, 2445, 5729, 1930, 2445, 2788, 7900, 7122, 6585, 1930, 929, 875, 4329]
9129800, [1148, 8290, 8191, 260, 2034, 902, 7068, 8042, 1749, 7753, 4753, 4923, 7709, 956, 3900, 5021, 907, 1144, 6662, 2541, 8263, 5864, 2541, 8263, 7169, 545, 1749, 4640, 5406, 4753, 5634, 1144, 7630, 2676, 666, 956, 5332, 3145, 1622, 2444, 360, 7630, 1473, 3670, 2336, 4363, 1074, 7143, 5225, 4953, 2798, 620, 4187, 2743, 4640, 1074, 6633, 956, 4675, 742, 8107, 473, 4363, 2445, 6249, 7272, 1074, 1309]
3733842, [4797, 4538, 4248, 4349, 1147, 4363, 4583, 8263, 1358, 4640, 4538, 6630, 3979, 1077, 5806, 5382, 3222]
2452691, [4288, 5549, 3145, 5572, 5549, 4224, 4799, 5181, 2600, 4732, 2600, 7753, 2665, 7021, 5572, 7822, 1143, 2665, 7360, 25, 5565, 4507, 2665, 1204, 1014, 1763, 2881, 2300, 7259, 2798, 6619, 1607, 1763, 2665, 7887, 1144, 7789, 2881]
1842419, [2445, 2336, 7707, 2301, 5646, 4248, 2513, 1749, 6211, 4284, 7647, 6704, 2600, 2600, 842, 6704, 6704, 2600, 3520, 7647, 6919, 6634, 546, 8080, 6919, 6839, 8080, 2300, 1571, 4363, 6704, 5247, 6706, 1612, 1782, 8080, 6704, 8193, 3145, 2300, 3355, 7841, 2743, 7647, 5406, 907, 6148, 4758, 2600, 2300, 396, 7419, 2781, 2781, 7832, 2781, 1177, 4507, 7428, 5775]
350908, [5864, 5225, 4953, 2445, 2301, 4182, 4967, 5414, 6908, 2371, 1360, 2781, 1012, 8290, 4538, 4967, 1147, 518, 4967, 4151, 2371, 8107, 2529, 8103, 2396, 1247, 5406, 2371, 5868, 667, 4538, 5225, 5021, 2467, 7014, 6843, 152, 2087, 7952, 2807, 2371, 415, 6837, 5325, 5871, 8060, 1762, 574, 6200, 4469, 4198, 2445, 929, 6847, 254, 6225, 4901, 6447, 6937, 4862, 5425]
725468, [2881, 1837, 5021, 5055, 885, 1082, 1835, 8207, 5021, 7359, 3185, 4799, 5247, 4831, 5843, 4799, 1082, 4799, 5572, 3352, 5055, 6150, 2300, 2467, 1082, 5565, 5647]
1822878, [7420, 474, 2371, 4287, 725, 7987, 2541, 8263, 3964, 959]
697113, [2798, 6211, 4732, 4173, 244, 2743, 1204, 8095, 7360, 6634, 4200, 7069, 2781, 2865, 2781, 2600, 1143, 7360, 2444, 8193, 5722, 3279, 8193, 2865, 8193, 4288, 4248, 2798, 6634, 2798, 7797, 6126, 7704, 4507, 620, 6211, 2798, 3047, 5412]
1430396, [7988, 7021, 2469, 6988, 1443, 5631, 2371, 7014, 4363, 2467, 4732, 6861, 8107, 8107, 5181, 2525, 8107, 5181, 2781, 5549, 396, 8191, 5549, 8103, 7648, 8107, 2371, 1429, 4923, 2514, 3937, 6627, 1247, 2981, 8099, 2529, 6223, 5406, 7753, 4753]
92566, [2529, 1501, 7138, 104, 7799, 469, 2357, 69, 1147, 7648, 2574, 1040, 7021, 8103, 4967, 3167, 7648, 4363, 5850, 244, 242, 2305, 2982, 6634, 5382, 2371, 2807, 6919, 2028, 7647, 2599, 8207, 7648, 1694, 1696, 7598, 1694, 2743, 719, 7828, 719, 7753, 1696, 7598, 1186, 3090, 1014, 8094, 2514, 7648, 6585, 959, 4248, 4732, 6937, 5225, 620, 1144, 5775, 2513, 1473, 742, 1144, 620, 8095, 574, 1144, 515, 1074]
1139962, [2445, 4151, 702, 7409, 5572, 1218, 396, 2467, 2788, 7729, 6704, 3268, 7630, 1627, 7598, 647, 959, 3937, 3937, 3937, 3937, 2798, 7429, 907, 7034, 7429, 7603, 5731, 5775, 6837, 3047, 7169, 7360, 5775, 1749]
31157100, [2445, 130, 3043, 2372, 2371, 4796, 5843, 620, 5634, 2474, 7753, 1743, 7021, 941, 2439, 1749, 941, 2811, 3679, 8261, 2219, 7070, 4972, 105, 1099]
2606345, [1012, 2083, 2234, 2371, 1077, 4511, 1012, 5729, 6585, 659, 6585, 659, 7701, 659, 7843, 3090, 1126, 6266, 659, 5034, 5729, 5729, 4349, 7126, 620, 5729, 7900, 6585, 7544, 1128, 4182, 4151, 1749, 6266, 7409, 659, 659, 4750, 1247, 5210, 6585, 659, 5727]
12097185, [4583, 5775, 1835, 2816, 1828, 4538, 1528, 2656, 1769, 2671, 931, 1769, 5021, 8290, 5866, 4704, 5775, 3311, 931, 1769, 8214, 70, 1594, 5570, 3937, 931, 6273, 6755, 4923, 7753, 1594, 1023, 1577, 2217, 1039, 5210, 740, 4322, 8099, 3134, 2798, 55, 1934, 1577, 8099, 7729, 574, 1577, 3145, 4923, 1769, 7603, 5419, 7014, 5864]
3615041, [5367, 8290, 8193, 6988, 4248, 2411, 1483, 5565, 6309, 5634, 4505, 1128, 1782, 2440, 2609, 8290, 5368, 5726, 7843, 1759, 3050, 2441, 2514]
598868, [67, 1819, 5700, 2502, 7828, 5181, 3212, 6389, 4447, 4303, 472, 908, 740, 1819, 620, 8095, 5179, 1763, 2054, 6568, 7540, 2881, 1360, 4190, 1360, 2987, 1819, 5181, 6782, 3165, 6216, 6216, 5406, 5881, 620, 6217, 4994, 4253, 1360, 6217, 7359, 5338, 620, 8184, 6126, 1360, 1838, 2455, 4284, 2352, 5332, 5382, 4185, 5724, 4994, 7704, 5724, 7359, 4248, 1360, 7541, 4252, 1360, 3670, 4538, 6568]
153372, [7021, 7952, 5700, 3184, 1435, 5700, 3167, 2511, 2396, 7542, 1753, 2837, 5326, 2396, 7409, 7753, 468, 2502, 6627, 1749, 2215, 7142, 5724, 3092, 5727, 4447, 5247, 2218, 8042, 1834, 2396, 2215, 4182, 7093, 2215, 7142, 2396, 5864, 4979, 4322, 2215, 7093, 2396, 5724, 2473, 7753, 6144, 6633, 4322, 5416, 2857, 5724, 6220, 2371, 2600]
