2462689, [7603, 5406, 2450, 5221, 2431, 7799, 6991, 5221, 2431, 5221, 5634, 5210, 2338, 4923, 3112, 5983, 5487, 5221, 5729, 1921, 3330, 4300, 67, 1605, 5162, 5779, 5210, 5779, 5572, 7841, 5731, 2467, 5983, 547, 3331, 6128, 4253, 2305, 7125, 5221, 5425, 3937, 4977, 4447, 253, 2445, 7731, 5634]
1335380, [2445, 699, 2301, 2301, 7142, 1128, 7541, 1967, 8290, 2781, 6619, 2396, 6674, 8081, 7360, 4994, 7359, 8290, 5210, 4248, 7791, 959, 3043, 68, 7447, 4182, 473, 6662, 7002, 5864, 55, 699, 6634, 6843, 7002, 6687, 8210, 8099, 7988, 5179, 4250, 1014, 5731, 3937, 5862, 2743, 1360, 7648, 4672, 5459, 5210, 4363, 2665, 907, 2513, 4953, 1749, 907, 7988, 907, 1065, 7598, 5406, 7598, 1763, 4248, 4977, 2235]
1480747, [5731, 1763, 68, 2798, 6585, 7753, 2600, 5210, 7198, 620, 7359, 518, 4923, 4923, 2656, 7753, 2943, 4507, 4732, 2743, 4189, 5531, 2358, 1443, 8185, 7198, 8205, 6633, 2743, 4224, 7034, 5646, 5406, 1749, 7126, 1946, 737, 7126, 2743, 574, 2798, 3181, 472, 6633, 5572, 5775, 1204, 5775, 473, 3331, 620, 8099, 4953, 1454, 6177, 4923, 4447, 3167, 5225, 1749, 1611, 3045, 7832, 2817, 8205, 5775]
15224586, [2445, 2514, 3274, 2513, 1128, 6919, 2028, 7753, 2711, 620, 4363, 2529, 4640, 6627]
8471210, [8261, 5382, 959, 8191, 4967, 4967, 2743, 3043, 3328, 5406, 5775, 396, 5412, 888, 5775, 2396, 5122, 5122, 553, 4287, 574, 5122, 2033, 888, 6150, 5225, 6582, 2781, 7648, 7887, 4753, 4253, 2753, 620, 7887, 2781, 2753, 3939, 2445, 5841, 620, 4248, 7160]
1925869, [2445, 2505, 7344, 8148, 6140, 6175, 5864, 4538, 396, 5406, 1432, 7434, 7021, 4198, 1694, 2943, 6908, 7753, 4248, 3219, 2473, 6126, 4187, 7173, 2384, 7542, 2521, 8099, 2521, 4276, 396, 2881, 7542, 3937, 2711, 959, 2396, 6843, 4538, 4583, 8263, 3045, 4300, 6468, 6911, 7359, 620, 2384]
2408359, [7421, 3043, 4832, 472, 1571, 5352, 6704, 7647]
10016997, [2385, 7021, 2433, 2385, 7359, 7729, 6129, 4923, 5487, 2040, 6913, 2512, 2807, 2615, 7072, 4823, 5972, 5972]
6167400, [2445, 2445, 6102, 725, 2018, 8290, 4753, 8171, 485, 2043, 8290, 4753, 1012, 472, 8290]
17711304, [2529, 1749, 2441, 6989, 1607, 1749, 7598, 929, 469, 6619, 742, 1825, 2083, 2440, 5225, 1749, 5419, 8081, 6223, 6630, 7791, 472, 5841, 469, 67, 4732, 2234, 1702, 6633, 1749, 2467, 7454, 5210, 7091, 1432, 253, 5406, 7279, 243, 5419, 7091, 5367, 3519, 2798, 7078, 5406, 4753, 2743, 473, 4967]
