2462689, [3137, 7253, 5135, 2317, 4960, 351, 4635, 2303, 7433, 3434, 1327, 2179, 6660, 6805, 3173, 4960, 4635, 1436, 2303, 3434, 4960, 5350, 4927, 2587, 4950, 1398, 2451, 3954, 2217, 2370, 2587, 4675, 2941, 5686, 4635, 5588, 7732, 5210, 4960, 1643, 7137, 1430, 7157, 5939, 5438, 6521, 3434, 1824, 2878, 3154, 6805, 4089, 3434, 7137, 3434, 66, 1520, 1761, 678, 2252, 5054, 5435, 4906, 5489, 470, 5435, 5054, 4635, 4950, 5489, 5289, 5054, 7752, 1436, 711, 3434, 7473, 5441, 2333, 510, 5686, 514, 3155, 5830, 5551, 5054, 4046, 2186, 6791, 4960, 2460, 1444, 1356, 2783, 1327, 2179, 5151, 3434, 5137, 4635, 2375, 3434, 3736, 500, 4729, 3384, 4223, 3434, 238, 1804, 3036, 7137, 2315, 7364, 5054, 7154, 5054, 7137, 5350]
1335380, [7137, 2315, 662, 2182, 2818, 7735, 2182, 6806, 5071, 3637, 3766, 269, 3160, 1068, 7191, 947, 1868, 1804, 425, 7137, 947, 4479, 3766, 3607, 7902, 2624, 6298, 2270, 6352, 7705, 6446, 7019, 4745, 3766, 2990, 7018, 7902, 3607, 268, 702, 4950, 4041, 1962, 7217, 6806, 3607, 7425, 701, 2382, 909, 4915, 1949, 425, 2879, 7752, 6883, 3745, 1655, 67, 7099, 3976, 2266, 445, 6340, 4479, 3607, 3105, 425, 5435, 5572, 4316, 445, 6671, 7364, 7473, 5572, 5435, 2150, 216, 54, 5435, 5572, 4316, 2150, 2381, 662, 6312, 5572, 922, 2266, 6518, 947, 6671, 6365, 1127, 2150, 5572, 425, 589, 7823, 2878, 4280, 7722, 51, 7615, 4923, 4043, 2451, 3766, 961, 7823, 290, 3121, 4906, 1440, 4656, 5441, 3736, 7615, 425, 5570, 4316, 2587, 1286, 7293, 4436, 5182, 2150, 3607, 4950, 4906, 2321, 4144, 4408, 470, 3607, 5910, 3736, 2515, 1840, 861, 2375, 4706, 7132, 1657, 861, 7615, 3736, 6803, 1655, 861, 3607, 1008, 7248, 5135, 500, 425, 861, 4077, 7248, 1670, 4041, 7137, 4729, 425, 3766, 2118, 7340, 2879, 7292]
1480747, [5441, 2375, 1670, 3727, 1444, 67, 2641, 6266, 7387, 2451, 3727, 6991, 4728, 4950, 6859, 3727, 903, 5098, 2333, 4493, 4573, 1668, 6859, 7732, 4573, 7081, 3727, 2985, 2587, 2451, 4280, 1201, 4271, 1450, 6635, 5561, 3727, 4573, 4675, 3992, 2985, 4479, 402, 5438, 5934, 7018, 4675, 6939, 3727, 4806, 5438, 2227, 3727, 446, 371, 5438, 4675, 5438, 1436, 1378, 3727, 1488, 5939, 5846, 5588, 4675, 3727, 5438, 446, 1862, 5846, 1706, 6309, 5438, 5438, 7704, 2641, 5846, 7137, 3984, 711, 5438, 4675, 470, 2186, 5486, 446, 4675, 7807, 6379, 3727, 5438, 2587, 2311, 1488, 3727, 484, 6991, 4675, 3727, 402, 6991, 6991, 7704, 922, 3727, 4950, 1436, 329, 5438, 2878, 4084, 4017, 6703, 1488, 5438, 5361, 5846, 5135, 1657, 6686, 5186, 5438, 402, 3727, 5435, 4280, 4675, 586, 5289, 4512, 7807, 1930, 2587, 5438, 6061, 6382, 6837, 2624, 3727, 7692, 5438, 1904, 5438, 7704, 2963, 5289, 2783, 4478, 3727, 2587, 3701, 2587, 7338, 4732, 3987, 3727, 3155, 6991, 6312, 2587, 1397, 4573, 118, 4732, 3987, 3136, 3727, 6859, 586, 1668, 3823, 3727, 4316, 2587, 2217, 369, 7732, 7217, 5435, 5289, 3727, 5438, 3280, 702, 5289, 5289, 2465, 6991, 446, 2990, 3727, 6312, 2587, 1397, 369, 6859, 2641, 4573, 7995, 402, 5934, 2641, 369, 7755, 3727, 1425, 5583, 5915, 2631, 3727, 5253, 2878, 5097, 3727, 487, 3727, 5112, 1083, 5438, 4675, 3727, 2878, 5135, 2382, 3727, 1425, 2333, 5433, 5438, 7081, 3727, 2641, 586, 3152, 6860, 470, 5438, 1934, 541, 3727, 4114, 7129, 5505]
15224586, [7137, 2315, 2375, 2213, 7439, 6806, 3100, 2375, 2241, 7599, 7705, 7014, 1068, 2746, 6389, 3401, 3926, 2878, 446, 6590, 7157, 1925, 4479, 7014, 2451, 2321, 7387, 7014, 2241, 1651, 2559, 2241, 586, 4144, 2390, 7599, 4408, 6305]
8471210, [3107, 7874, 5112, 909, 7220, 5438, 7806, 4718, 7692, 6446, 1238, 7137, 4718, 5146, 7220, 2587, 3056, 2879, 3152, 5135, 7137, 5486, 2880, 7220, 369, 5141, 2321, 1525, 845, 7137, 5486, 2270, 4867, 2176, 142, 2382, 4867, 7220, 520, 4077, 541, 4867, 7220, 1930, 845, 1552, 5849, 7137, 4964, 6264, 2624, 7293, 7755, 2818, 7517, 4512, 1107, 4114, 4046, 2596, 2408, 586, 7517, 2624, 1532, 2596, 2408, 6440, 586, 3738, 7137, 2315, 5551, 3981, 1436, 586, 4041, 1668, 6822]
1925869, [6365, 7439, 6806, 2315, 2370, 7003, 7767, 4450, 5841, 5872, 5572, 7217, 3736, 4310, 369, 5135, 2878, 446, 1356, 6298, 7086, 6690, 4400, 3992, 1605, 2783, 6581, 3655, 4450, 5588, 4400, 6837, 7387, 4041, 3043, 2335, 2258, 3655, 5829, 1356, 4450, 2847, 3981, 3655, 4450, 4400, 6835, 7752, 3126, 2258, 7192, 2382, 2150, 2847, 7722, 4400, 470, 7217, 5299, 2382, 4066, 5592, 6158, 1652, 2847, 369, 2723, 3126, 118, 5939, 7192, 446, 1356, 2847, 2847, 6513, 4450, 2382, 4400, 3736, 2847, 2559, 909, 2317, 2270, 6518, 4310, 4328, 7874, 3655, 2879, 4089, 6153, 6579, 4450, 446, 7018, 586, 2258, 4400]
2408359, [6266, 7075, 2879, 216, 7735, 4588, 2853, 1436, 444, 1488, 5085, 6382, 4516, 5874, 6805, 7292, 5844, 991]
10016997, [2259, 1018, 6690, 5512, 2304, 2809, 6740, 7137, 2259, 5512, 7018, 7364, 4733, 7137, 1436, 5831, 4675, 5210, 5512, 1934, 6847, 922, 6585, 5512, 7735, 2809, 2375, 2641, 2465, 6740, 1532, 4579, 922, 470, 5512, 2118, 5676, 7752, 5676, 6805]
6167400, [7137, 2315, 7722, 6366, 4538, 2315, 4046, 5805, 7137, 688, 5116, 2241, 1915, 7902, 4512, 7018, 5116, 7787, 449, 1939, 5116, 1761, 5116, 3147, 7902, 4512, 2321, 2150, 960, 444, 7217, 7902, 4512, 1444, 2315]
17711304, [3107, 2390, 7780, 2673, 2110, 7397, 441, 7137, 1657, 3981, 7713, 2311, 2176, 4493, 6659, 3427, 1109, 7137, 1521, 1657, 7248, 2878, 7081, 882, 441, 6298, 7816, 704, 1732, 1978, 2311, 2580, 7137, 4964, 1657, 7300, 4040, 2673, 5146, 5892, 3434, 1109, 487, 6309, 7705, 2878, 2673, 4278, 7780, 7705, 2580, 2878, 3980, 3427, 5915, 6308, 7425, 3434, 1109, 5146, 3666, 444, 7137, 7397, 5551, 441, 66, 506, 5087, 1436, 947, 4493, 269, 2118, 1611, 2381, 6311, 1657, 290, 2333, 7104, 4950, 269, 2580, 6745, 1356, 238, 5146, 7304, 2673, 4316, 5135, 6939, 5118, 6365, 7304, 2878, 1127, 228, 6513, 1666, 7240, 5146, 6745, 7752, 5098, 3334, 2673, 4017, 2641, 3976, 6745, 7137, 2580, 755, 5135, 4512, 1081, 4975, 5146, 269, 2587, 5142, 7752, 445, 6070, 2709, 4718]
